-1.7067,7.7042,4.1754
-1.9599,11.0237,4.6332
-3.9963,9.0862,4.9727
0.0374,10.2532,2.8166
1.8267,-7.429,-7.0713
-3.4157,8.2805,2.9519
-3.2285,6.4656,4.009
-3.1976,8.3581,4.6006
1.1128,-8.4211,-5.7067
2.4604,-7.1615,-7.9523
-1.1587,7.587,6.6111
-3.2671,9.3181,5.6243
-0.6327,-6.8894,-6.6904
-4.5402,10.8497,4.4503
1.0104,-5.1013,-7.22
-1.0259,10.3239,5.3708
-1.7701,9.726,4.2684
-1.9144,9.1948,5.0778
0.6493,-5.895,-6.6589
1.3095,-6.0446,-5.472
-3.234,9.1182,4.4531
3.4784,-6.0024,-6.234
-3.8871,9.9968,6.4854
-2.7191,8.1074,5.2837
-1.0691,8.424,2.388
-2.6963,8.3563,4.8319
3.1679,-4.8358,-8.8457
2.3423,-7.5091,-5.2575
-0.3788,7.5819,5.7429
-1.272,10.1318,3.6328
0.8142,-7.5259,-7.4402
1.2518,-5.4805,-8.8802
1.0471,-7.4772,-7.4952
2.3465,-9.1472,-4.4618
-3.6532,9.1615,6.5895
-2.1964,8.3539,3.8339
1.1662,-6.6117,-8.9708
-3.9993,9.4153,4.4536
-4.3128,9.3188,5.2011
-2.5258,8.1866,4.0481
1.962,-6.5112,-4.704
1.1218,-7.2259,-7.8206
0.1533,8.8234,4.9946
-0.4578,-8.1647,-4.5864
0.2399,7.3468,2.6654
-2.4871,9.4314,3.9922
1.438,-6.7439,-7.3158
-0.0342,7.7332,4.6689
-2.9976,9.8379,4.767
1.8075,-6.1703,-7.0085
-1.9172,9.2361,3.6098
2.9439,-7.581,-7.7793
-3.7424,10.5331,3.6005
3.084,-7.2766,-7.4923
-0.5306,-6.687,-4.2251
3.1127,-6.9509,-4.6535
0.3701,-6.0107,-5.3312
-1.5899,10.4866,4.5197
-1.6011,9.7492,3.4199
0.2009,-7.7669,-5.4498
-3.2433,8.9698,4.1247
-1.5279,10.6825,5.3093
-1.9434,11.2727,6.2544
-4.4371,11.1138,6.2976
2.1416,-9.2401,-8.2207
-2.4871,11.026,5.0322
-2.1833,7.4822,3.3426
-2.1398,6.9621,3.0221
-3.3043,9.699,3.724
0.8826,-4.8582,-5.8694
2.226,-6.6282,-8.1901
-2.9539,9.9403,1.2216
-2.0867,7.5124,6.3724
0.7799,-6.5802,-8.2998
3.5637,-8.5678,-6.177
2.4658,-7.1569,-5.2083
-0.2248,-8.1412,-5.0832
2.8526,-8.4087,-5.6219
0.919,-5.9887,-7.6452
-0.1705,-7.6261,-6.1808
3.4095,-7.5959,-8.8895
-3.1869,10.2399,7.146
2.7708,-7.5431,-5.6779
-3.9779,9.0552,3.7159
-1.8107,8.7425,3.4886
-2.738,9.2752,5.684
1.4895,-4.4898,-7.8786
1.3944,-5.5608,-4.5283
1.1934,-6.7786,-6.8647
2.5048,-5.7378,-8.1055
0.0764,-5.3861,-4.2023
-3.5873,9.6046,3.0556
2.207,-8.1033,-6.6325
-5.9559,8.9813,6.7666
-5.1478,9.5423,4.0374
-2.8439,10.0285,4.5812
-0.4368,8.5347,4.9095
3.1117,-6.7228,-7.0499
-3.546,9.0725,3.6427
3.0047,-6.7839,-5.5126
2.1101,-6.8054,-7.9932
-0.1953,-7.2094,-6.9356
2.1229,-5.0611,-6.422
-2.1011,9.699,5.8017
1.4814,-5.9396,-8.6447
1.6956,-7.5713,-5.1149
1.2701,-6.4847,-5.3767
-3.0229,10.8152,5.6601
-3.5139,8.2848,3.9929
3.5284,-8.2082,-7.3187
-3.43,10.0611,4.8599
-2.6922,9.864,5.7879
1.5264,-6.3549,-6.6579
2.725,-8.3671,-8.6836
-1.2613,8.2875,6.8311
2.1092,-6.3288,-7.106
0.0615,11.0873,5.1635
-2.8266,6.6097,5.4024
-3.2851,7.7164,6.6644
-2.7431,10.3748,5.3521
-0.9112,-5.2087,-6.0734
-4.385,10.074,4.5465
4.9743,-8.1464,-7.3045
0.5918,-10.2865,-7.8514
-2.5089,9.0031,4.2464
-0.6836,10.2123,4.1219
-4.3298,9.915,4.1404
-0.389,-6.0937,-5.9072
-2.1834,9.6761,5.0486
1.6402,-8.1232,-7.1243
2.4069,-8.4314,-6.1932
4.0551,-7.9078,-7.5468
1.0178,-8.0197,-8.6124
2.7396,-6.9559,-8.6212
2.3254,-6.5803,-7.2721
2.4872,-7.7334,-7.3415
-2.5495,9.56,4.0202
2.6927,-4.9371,-6.3811
-3.1687,10.0458,4.1753
3.4382,-7.9318,-4.8257
-3.4602,8.8766,5.2459
0.5523,-7.3595,-6.557
3.9419,-3.0972,-8.2283
-2.3733,7.2884,5.743
-0.2931,9.715,4.2087
-1.2974,8.1885,7.3428
-2.2152,8.406,4.0746
-3.1719,9.7738,4.8834
-2.3585,8.8066,4.6586
1.8374,-8.4387,-6.6008
-0.1217,-6.286,-6.42
-3.3489,9.2711,4.5051
-2.5639,9.3063,4.3504
-3.3676,9.8298,3.7634
-3.3828,8.7948,6.2897
-2.2307,7.2766,2.9509
2.2909,-5.3492,-7.0622
-2.7215,8.0563,2.9847
-2.6597,9.4077,4.743
-0.687,-6.2763,-9.872
1.6688,-7.2938,-6.293
-3.4377,7.5207,2.5054
0.9748,-7.6456,-7.8586
-2.2188,6.7183,2.57
1.8793,-9.0899,-5.8096
-0.5745,10.5922,6.6078
2.7645,-7.8444,-6.5113
2.3949,-9.2535,-6.8238
2.9169,-7.5511,-10.2797
-2.8556,9.4015,3.6472
-3.3429,8.5231,4.011
-1.503,9.1125,4.5212
-1.7867,9.1007,4.3852
-3.8528,7.4607,6.0329
-3.3209,11.1754,4.5917
-1.0825,9.8643,5.0616
-3.8588,7.1733,6.1731
-4.558,7.6745,6.1229
-0.2278,8.9415,3.7898
3.9046,-6.6066,-6.1169
-3.2312,11.237,4.6237
1.0952,-4.6111,-6.8209
-1.1079,9.3196,5.045
-1.3137,8.4218,2.772
-1.6455,7.4624,3.4922
-1.9119,9.8134,5.1458
1.0662,-5.6212,-4.8936
-1.1308,7.7953,4.7139
2.4056,-6.2745,-6.531
3.4726,-8.479,-7.2994
-2.0029,10.9507,5.1841
-4.5293,8.0472,5.7977
2.3796,-5.6443,-5.8333
2.4768,-6.5477,-6.8698
-1.8317,7.7907,4.6116
-0.449,-6.7056,-5.9283
1.4879,-6.2899,-6.1964
1.598,-5.8501,-6.2158
-3.1441,9.9674,3.1347
-3.12,8.9836,2.517
-2.869,11.2993,6.591
-1.7768,8.9892,4.7807
0.5606,8.3372,4.8613
-0.6097,-5.8279,-8.7539
-4.141,9.9098,5.4145
1.4384,-4.415,-7.8552
0.3049,-6.6903,-8.197
-1.9986,7.8539,4.5826
-3.6866,8.457,5.1944
-1.8004,10.3447,5.6245
-3.0599,10.3087,4.5937
-3.1861,7.4779,5.6868
2.7717,-4.5502,-7.9341
-1.9071,10.3552,6.3781
2.5785,-8.7553,-8.2955
-2.2705,9.5384,5.125
1.3748,-8.021,-7.2903
-2.851,8.7069,4.3501
1.9517,-8.0513,-6.9344
-3.0034,8.4292,4.1208
-4.6705,8.3631,3.6945
1.9759,-5.5952,-5.3538
0.5447,-5.7685,-6.9894
-3.1936,6.8296,4.9639
-2.7199,9.8167,4.7576
-3.6837,8.4811,5.0926
1.7264,-6.7802,-7.7539
-2.9284,8.991,4.2761
-3.3753,9.2265,3.9839
-2.1732,7.6637,7.5748
5.0596,-9.5789,-6.1496
-1.5985,9.3517,4.7649
-3.9116,10.3857,5.5422
-3.2937,8.2995,6.2892
-1.0782,6.88,5.0235
1.4799,-5.6537,-7.3346
-1.1573,8.6916,3.312
4.2024,-7.0037,-8.367
2.8103,-7.8829,-6.5105
-2.307,10.5954,3.432
0.9403,-6.0728,-6.6801
-0.7651,10.9098,4.0124
1.5009,-6.6652,-5.4051
0.0595,-6.3748,-7.5736
4.4907,-7.5104,-6.8412
0.6195,-6.5078,-8.4084
-1.1014,9.4579,4.5111
-2.2491,7.6975,3.9332
0.679,-7.09,-6.4009
2.014,-8.5177,-6.0383
1.9344,-6.111,-6.7324
3.4418,-6.4741,-7.5908
-2.5399,10.4216,5.2922
-3.8335,9.2302,6.3103
-3.0899,8.6299,5.1489
0.8241,-7.5868,-7.4305
2.0284,-7.9652,-5.4728
2.7336,-7.7175,-4.8657
-0.4097,7.5217,3.8084
3.1817,-6.4763,-7.1531
1.807,-7.3883,-7.2463
-1.1057,8.739,4.5877
-2.0243,11.2777,4.8494
2.6889,-7.6408,-7.1633
-1.2701,10.3663,3.3307
-3.2741,10.4411,6.3445
-1.8962,10.251,3.8505
-3.3218,10.1844,4.4634
-2.2305,9.366,3.7827
-1.5187,9.9905,6.2065
-4.5024,9.5298,4.8891
-3.0449,9.2472,5.9282
2.4837,-6.6129,-5.3455
-1.8537,9.022,4.1162
-3.1677,9.1257,4.8317
-0.765,8.6967,7.9041
1.793,-8.3964,-6.2967
1.7382,-8.1304,-6.1956
-3.0704,9.4301,4.5836
2.779,-5.046,-5.8151
1.6879,-6.7877,-7.4942
-0.053,-8.2237,-6.075
-2.8199,9.7183,4.07
-0.7793,6.0483,3.6836
3.3267,-6.6942,-7.284
3.6178,-6.0454,-6.5396
-4.4208,9.5429,4.6163
-4.3465,9.6314,5.3263
0.7877,-7.8958,-5.3806
-2.9713,8.202,5.3739
1.5196,-6.6019,-6.1043
2.5816,-6.9485,-8.5546
-2.8093,9.3607,4.9523
-1.795,8.0324,7.1507
0.9978,-5.886,-5.5948
0.1366,-4.9241,-7.3273
2.5987,-6.4936,-6.6784
-1.9534,7.3737,5.6577
-1.1189,8.0295,5.7959
0.1198,-6.2882,-5.8798
-0.6337,8.6855,4.3478
-3.8817,9.1446,4.6
-0.9492,-6.0586,-7.8578
-2.2733,10.2525,2.8572
-1.9719,7.1292,3.2878
0.7059,-7.188,-6.5107
-1.6857,7.079,4.0736
-1.5085,9.5653,4.5557
1.2039,-6.0888,-5.6478
-2.7589,8.86,2.3817
-2.7801,9.0953,2.9302
2.5999,-6.9971,-4.1532
2.2614,-5.3759,-5.9322
-3.5116,11.5885,3.2148
2.8385,-7.9792,-5.2536
1.1712,-6.9529,-8.1502
-1.3002,8.1927,5.5886
-1.4318,-6.8996,-7.0071
-1.9766,9.9438,3.5276
1.9464,-7.7063,-6.6344
2.3528,-7.9419,-6.6628
-1.7854,8.3613,4.4445
-1.9043,8.378,3.6884
-4.6407,8.9176,3.6402
3.8011,-5.9969,-4.742
3.3911,-4.0672,-5.8352
-2.5956,10.2185,5.0738
3.5454,-7.1388,-5.7551
-2.9494,8.5442,3.533
0.9458,-6.8369,-6.0973
2.0082,-6.0421,-8.3592
-0.5157,8.4658,3.9172
0.8095,-6.747,-7.6317
2.254,-7.1779,-5.4395
0.8144,-4.9246,-7.5782
-1.2729,9.3008,4.329
-2.037,10.0885,5.4021
2.216,-4.9214,-7.7597
-1.8581,8.4582,4.081
-3.6613,8.867,4.7519
-0.0931,9.1781,4.2015
0.3691,-7.3738,-6.7218
2.3001,-6.3787,-5.4508
-4.7815,9.2702,4.6413
1.7993,-6.828,-5.6527
-3.0938,8.592,3.7159
0.5672,-4.8448,-4.6034
0.2865,-8.0616,-6.6417
2.0669,-6.3993,-6.6381
-4.4658,10.4615,5.5728
1.1186,-7.0124,-7.9561
0.5585,-7.1432,-6.1487
3.2232,-6.1794,-7.0355
-3.1303,9.2828,4.6202
-2.552,7.0761,6.0376
1.5714,-9.0323,-7.5602
1.2662,-8.0023,-7.0936
-3.2643,10.8548,3.9969
1.6088,-7.4663,-4.9734
2.349,-7.6074,-6.333
-3.1941,8.0155,5.2056
2.3787,-5.8101,-6.875
-3.4366,8.7301,4.0574
-2.5838,10.3635,4.239
2.7249,-6.9755,-6.634
3.6011,-7.1201,-6.6019
1.835,-7.2947,-5.8131
-2.9045,9.8925,5.0419
-3.1671,10.0143,3.314
-2.9114,9.4251,6.5049
1.5349,-8.885,-4.4371
2.2297,-7.9812,-4.8027
-1.0128,-7.6695,-6.3359
-3.9467,11.372,4.6822
3.1444,-5.2002,-7.6345
0.5247,-8.17,-4.8684
-4.2418,6.2589,3.9792
0.5,-7.5892,-6.4501
1.6372,-8.4145,-6.2618
2.2538,-5.6371,-7.8834
-4.3281,10.8713,6.7949
0.3716,-7.3424,-6.3587
-1.7893,10.8512,6.1024
-3.2445,8.549,4.9829
3.6077,-7.1634,-7.0237
-2.2892,8.9959,5.335
1.7525,-7.8944,-6.897
1.4586,-6.3806,-6.1599
-1.8674,10.4891,3.8751
4.7628,-6.9,-6.2741
1.9924,-5.9261,-5.7118
0.1795,-6.7157,-6.8496
0.3251,-6.2557,-4.6375
3.1212,-6.2593,-7.1459
-2.532,7.8113,4.6177
-4.0937,9.6406,4.9963
-2.9558,10.3208,6.9014
1.2568,-9.748,-7.3748
0.7403,-7.3275,-6.1067
-2.5237,7.5114,5.0762
1.4756,-8.0738,-6.2205
3.2085,-7.2839,-7.8958
-1.1994,10.5096,2.1518
1.7885,-7.2641,-9.0154
-1.2497,8.372,6.2208
-1.3133,8.4545,5.4085
1.7383,-5.6075,-6.9419
2.0639,-5.621,-6.9152
0.1026,-5.8964,-6.3714
-2.8365,5.778,4.5747
-2.7518,8.7531,5.9584
0.7443,-7.2154,-8.0376
2.8898,-6.9434,-7.5413
1.6064,-6.0025,-7.6609
0.6803,-5.2278,-6.5044
-2.1298,9.5774,2.7972
1.9943,-8.0501,-5.3159
-0.8824,9.5104,6.892
4.4724,-6.3626,-8.4109
2.4767,-7.9163,-5.3448
-2.1569,7.3864,5.1996
1.6106,-10.0034,-7.3137
0.9623,-5.9786,-6.0948
0.2874,-6.751,-7.2627
-0.3114,10.4296,4.0769
-2.6407,8.9083,4.1959
-1.2063,9.1319,5.0095
-1.9005,10.2943,6.043
1.6699,-5.6443,-5.9241
1.9011,-7.602,-7.64
1.4353,-7.7103,-9.2428
-3.3863,8.9745,6.7933
3.3155,-6.864,-7.0952
-2.5348,8.1176,1.7308
2.4951,-7.3524,-6.2348
1.4498,-7.1888,-6.9637
-0.8994,8.1233,4.0575
1.7062,-4.4234,-7.69
-3.741,9.1738,3.7997
-2.303,9.6782,3.2292
1.7916,-8.5546,-6.1705
-2.8786,8.008,3.5759
-2.1232,8.2126,5.8303
-2.6553,10.8304,5.3969
-2.417,8.7445,3.8599
-2.674,9.4828,4.516
1.4732,-6.9554,-6.4052
-3.9446,9.9893,6.2674
-0.0809,9.0224,4.4118
-1.4743,10.158,5.2556
1.7144,-7.9272,-5.8224
1.5662,-6.4356,-7.0286
-5.2715,7.1961,6.2801
2.8086,-7.5009,-6.9858
1.9914,-8.0494,-6.1054
-1.9591,6.5099,3.9383
3.0885,-7.0382,-7.5086
2.2654,-6.9521,-5.5268
0.2943,-8.704,-6.339
-4.2261,9.168,3.8226
-3.3707,8.7377,6.0555
-3.1839,7.7989,5.017
2.1304,-6.9726,-8.3145
3.2192,-8.7028,-10.2787
-1.3722,8.0868,5.1283
-2.1147,8.3786,5.2558
-0.9406,7.0853,4.8614
0.8663,-6.8708,-8.6544
-2.5522,10.8919,1.4962
0.93,-6.8927,-6.7153
-1.3263,10.4391,7.7474
1.4538,-5.927,-7.237
1.4349,-6.5934,-8.4288
-3.1647,9.4845,2.8652
3.6219,-7.9025,-6.3097
1.5621,-6.6751,-8.0354
-1.2454,8.9668,5.4577
-4.1155,9.8458,3.9128
0.7423,-5.5586,-5.6065
0.7558,-8.4877,-6.3614
0.8883,-8.7384,-6.5705
2.2946,-7.8679,-7.502
0.0743,-5.8994,-8.5368
-2.2001,8.925,2.3374
1.7126,-6.2478,-7.453
-2.5239,7.9376,4.7308
-0.1825,7.8139,3.8266
3.0094,-6.6739,-5.4969
-4.8688,11.4817,3.316
-3.6197,9.3207,3.5655
-1.172,9.8727,5.5017
-1.388,7.374,4.3702
-3.473,10.8055,4.3145
-0.0148,-7.509,-7.7625
-3.0409,8.4389,4.9958
4.5771,-8.588,-9.1023
2.0182,-5.5695,-6.9644
-2.2855,8.2201,5.6628
-4.1056,8.7873,5.7459
-2.2763,8.3768,5.2205
-4.0599,9.8419,4.0363
-1.7655,8.2519,3.2123
-3.0838,7.979,5.4721
1.1275,-8.7247,-7.054
0.2389,-6.0801,-6.1865
2.4399,-6.5779,-7.1132
-1.2448,7.875,7.7987
0.0944,-10.4888,-6.1947
1.089,-8.5779,-6.6179
-1.6008,7.9077,5.6834
-2.0627,9.4813,4.5761
-2.4495,9.0228,3.8475
2.8862,-6.8075,-6.4141
-2.1404,9.9897,5.3954
-3.565,11.3988,4.0027
2.6215,-6.6117,-8.3182
-2.648,8.653,2.8657
1.6162,-5.3052,-6.4952
3.0759,-7.4312,-8.1759
-3.4426,7.6816,6.7426
3.3893,-5.5065,-8.5456
3.9813,-6.3495,-5.4077
1.8412,-5.3292,-7.7791
-2.1215,8.7115,4.2897
-1.8491,7.8523,4.7663
-2.1969,7.8578,3.4913
-1.3803,7.8353,4.3703
-3.8663,9.5826,3.5282
1.189,-7.3435,-7.6428
-0.3101,9.9913,5.2184
1.2534,-7.6682,-7.7174
2.3912,-7.957,-7.4654
-4.4269,9.5689,7.0691
1.5762,-7.8159,-5.2834
-3.4998,8.6286,5.1354
-1.4579,10.7815,3.9151
-3.0134,8.6761,3.0265
2.2456,-7.2685,-6.1704
4.2517,-6.7752,-8.1235
-3.1008,8.307,5.6594
-3.6364,8.8414,3.1882
-3.1613,8.1589,4.7676
1.7449,-8.6766,-5.2442
-1.9302,8.7461,5.4967
-3.2719,11.1009,4.2544
0.4825,-8.2303,-8.1956
-1.6735,10.1607,4.746
4.9701,-6.8244,-7.6494
4.455,-8.557,-5.437
-1.3458,9.5269,3.8644
1.5824,-7.0768,-6.6256
0.1684,9.7799,5.2409
-2.6331,7.0425,4.4289
-4.0746,9.8179,5.0798
-3.7933,7.1837,3.8096
5.3624,-8.4624,-6.856
1.8572,-7.3788,-8.015
1.9302,-7.5174,-8.7615
2.3702,-5.1384,-5.8248
2.2894,-5.3387,-9.7918
3.1132,-6.588,-8.7194
-2.949,6.9696,3.5305
-1.4564,8.7491,4.6721
3.3003,-7.5564,-7.8596
-2.9024,8.5438,2.8837
2.9605,-8.0348,-6.0488
-4.34,10.5294,3.9776
1.7501,-8.7989,-4.1476
-2.4393,7.6427,5.0692
-3.8848,9.3774,3.7347
1.3421,-6.6663,-6.3995
-0.5813,-6.3298,-8.0558
-1.7499,11.7391,4.8581
1.559,-6.0541,-7.6157
2.2818,-7.1684,-6.8707
3.6273,-7.6854,-6.9458
-0.1521,-6.3138,-9.0775
1.371,-8.5266,-6.4925
-0.5551,8.5593,4.3956
-2.6623,10.8277,2.8985
1.8917,-6.3617,-5.9925
1.4805,-4.6969,-5.4675
-2.7315,8.8585,4.6925
-2.0667,9.4868,2.3267
-2.2523,7.5194,4.8477
2.1993,-7.6677,-7.1925
-1.7137,10.4225,4.8571
2.2023,6.5134,6.7095
-2.2591,6.5642,4.3433
2.5686,-7.522,-6.2663
1.2772,-8.2673,-5.86
1.8013,-5.5638,-9.5096
2.1524,-6.4427,-6.8715
-2.3657,7.8466,6.0758
3.6953,-7.2964,-5.1362
3.1416,-6.5211,-7.8083
1.6965,-6.7166,-6.9431
1.0386,-5.2583,-5.8167
-0.5745,10.0905,4.3176
2.9961,-8.3546,-5.1376
1.7376,-6.5176,-6.6695
0.6015,-5.8954,-6.9577
2.4964,-5.867,-6.4089
2.6432,-4.6517,-7.4582
-2.2065,8.8748,4.8975
-3.784,9.5826,3.5366
-2.0271,9.8425,4.1584
-1.1807,8.8698,2.0327
-2.1479,9.2349,7.8715
1.8824,-4.5126,-8.5433
-2.8198,10.9327,5.313
-1.6323,9.0314,3.4952
3.4069,-5.8061,-8.5275
-2.4408,9.3366,6.474
-3.4794,8.4122,5.7384
-0.2705,-7.3459,-6.6516
2.4289,-8.0413,-7.2525
-3.4897,9.8054,5.765
1.0651,-9.5075,-5.4466
2.7879,-7.044,-7.5034
1.0685,-6.4204,-5.5302
1.266,-8.1902,-5.8784
3.7692,-7.4736,-7.4772
0.0881,-5.2529,-7.6131
2.0046,-7.2439,-6.9772
-1.636,9.0766,5.519
3.9771,-5.4109,-7.1173
1.9133,-8.135,-6.312
-1.0409,10.33,3.8891
3.3528,-6.5237,-5.3589
-1.7213,7.8447,5.5844
-2.8854,10.1204,5.2191
2.1406,-7.2214,-7.0075
0.421,-7.7145,-7.9819
1.7073,-8.292,-4.6955
0.6363,-6.5692,-6.6248
3.4984,-8.0557,-8.8215
1.8146,-6.7929,-8.6804
1.3466,-3.1874,-5.248
-1.8426,7.9119,4.139
1.6888,-5.9797,-6.545
4.0264,-6.2509,-7.36
0.7973,-9.2284,-7.6819
-1.3796,7.7753,5.1174
3.7469,-8.0719,-6.717
-2.1086,10.7319,5.938
-2.0359,8.5091,4.9876
2.5027,-7.7594,-6.6053
-2.2787,8.6433,4.8001
-1.5005,9.6704,4.3532
1.1555,-5.7182,-5.6876
-2.0356,7.5792,5.1734
0.7637,-7.2873,-6.6022
2.2646,-9.3781,-6.2163
2.6723,-7.8396,-9.1697
1.4623,-6.339,-7.1942
-2.4916,8.0724,5.4178
-1.6907,10.799,3.9438
2.0973,-4.4291,-6.5473
-4.0194,8.7539,4.2697
-2.8633,10.1853,5.742
-0.9154,9.6818,5.1869
-1.886,10.8536,4.5094
-1.1465,7.6867,3.6505
-2.4086,10.7068,5.1316
-0.9471,10.8881,4.6783
-4.0645,8.4669,4.8576
4.1149,-6.8635,-7.1499
1.9901,-7.5953,-7.2391
1.0863,-6.0968,-5.1673
-3.8653,8.4743,6.1485
-5.6721,9.0183,5.0333
2.5175,-8.7783,-6.8198
-2.6253,8.3604,5.1188
1.4356,-8.3374,-9.53
2.9306,-9.1278,-6.105
-2.9989,7.8193,5.4212
-2.8021,8.9671,4.4785
-2.9707,10.2218,3.9476
-0.5536,-5.4953,-5.2165
1.6819,-9.1476,-7.4259
-0.426,9.2518,3.8582
1.0062,-5.6673,-6.9333
-2.6856,10.1709,7.2925
-2.1374,9.7748,5.1364
-3.0318,9.63,4.3284
-3.3105,9.3649,4.4151
0.6937,-4.3299,-5.2825
-2.193,9.3674,4.3586
-4.0447,8.2645,4.6712
0.9908,-5.5691,-7.5376
-0.129,-7.3475,-6.6904
0.0225,-9.8875,-6.5232
1.2653,-6.0412,-6.8499
2.0825,-7.9015,-6.8726
2.3271,-8.6763,-5.343
2.3008,-9.3692,-6.9905
-2.5508,9.2953,6.5005
3.5371,-6.1762,-7.375
-1.8927,9.6323,9.2632
-2.2886,11.1749,6.1266
-2.0404,7.4225,5.8967
1.5224,-5.2583,-5.3288
1.7583,-6.4046,-6.0487
0.3942,-6.5424,-9.4392
-2.3391,11.7975,5.1119
-1.6226,9.7527,3.5174
-1.2484,10.3409,6.0643
-1.8625,7.7696,4.4115
2.3408,-8.0776,-6.2576
-3.9823,9.7312,5.4813
-3.4133,9.5663,3.8266
3.3904,-6.3957,-8.0402
0.9512,-7.7904,-8.0546
2.475,-9.0108,-5.6034
-2.5135,7.6242,6.444
3.5219,-7.3563,-8.2028
1.4174,-7.3733,-5.4954
-3.3907,8.042,4.8806
-2.5854,10.4992,4.0911
-2.0969,6.8986,5.0288
-2.5833,9.5896,5.6893
2.4301,-7.8605,-6.4946
-1.9534,9.251,5.0134
2.3571,-8.568,-7.4103
2.1213,-7.0288,-7.1338
0.8226,-8.5026,-8.7804
1.2154,-5.3875,-5.4065
3.1883,-7.0694,-2.9884
2.6843,-10.1249,-7.636
-2.7311,8.387,5.8987
3.8912,-5.9994,-6.8696
-1.0119,8.2061,4.9747
3.3002,-5.8459,-6.5785
2.2077,-6.9982,-6.3569
0.1726,-8.6542,-4.8734
1.7252,-6.1474,-6.6917
1.9728,-8.2979,-6.3407
-3.3713,8.7581,5.013
0.5645,-7.1172,-4.3986
1.6903,-8.007,-5.537
1.7492,-6.0048,-6.4587
-2.1178,7.5129,5.7487
-3.1754,11.2717,2.9023
1.723,-5.4317,-8.7127
-0.5106,10.2315,2.4308
2.5694,-5.5959,-8.3197
0.8321,-6.4974,-8.0701
-3.9741,8.4045,4.4625
-0.0343,-6.3946,-6.0211
3.0029,-7.0274,-6.157
-2.8849,9.0134,3.1394
-1.5873,9.2728,5.2498
-2.7863,9.8497,6.8586
-2.7097,9.3534,4.3414
-4.0687,10.01,5.6136
-6.0377,9.8014,4.8736
1.8561,-6.4863,-5.7371
-4.2254,8.4862,4.7968
-1.8392,9.1055,5.2864
-5.0292,9.7649,5.7022
2.9659,-5.4878,-7.4873
-3.4882,8.9218,5.0493
-1.9254,9.0917,2.2693
-0.7438,8.7631,3.837
-3.6671,9.8375,5.91
-2.0174,8.7248,5.447
1.7839,-7.6496,-4.8817
-3.276,7.4266,6.6103
-3.2914,9.0712,3.6074
0.6812,-7.7947,-5.6365
-3.3902,9.1127,5.1886
2.2031,-6.2721,-5.1433
2.5769,-7.2621,-8.1159
1.6858,-5.5394,-6.6564
1.898,-6.5879,-7.2332
2.9694,-5.7991,-6.3386
-2.5443,10.3655,4.5782
-4.6197,7.5944,2.1928
-3.0732,9.3333,4.1158
1.2636,-9.0955,-7.3945
-3.0558,7.9472,5.7862
0.3881,-5.9539,-6.8788
-2.8651,9.3039,3.2587
-1.3085,8.2095,6.3108
1.8783,-7.5746,-7.4571
-2.7378,9.4032,3.2626
1.299,-6.3044,-10.0299
-0.5974,8.4008,3.4524
3.2797,-7.3312,-6.8575
2.6262,-5.8647,-6.2632
0.7944,-6.8088,-6.3439
1.9882,-3.4375,-8.8824
-2.2221,11.5032,3.5366
0.779,-7.0974,-9.4926
-1.2821,11.942,6.301
-2.8905,10.5523,5.3091
3.2742,-6.6273,-6.642
-2.7907,7.3158,4.1351
3.242,-5.833,-7.2582
2.3541,-7.2791,-6.9922
-2.2586,6.6627,3.0461
-0.1144,12.7462,5.3679
1.1496,-8.5988,-6.7051
-1.763,7.13,3.7673
1.3004,-10.395,-4.4165
1.8189,-7.6616,-9.5134
1.5411,-7.7533,-6.4321
-3.5988,7.3195,6.3987
-0.2703,9.5829,3.2103
-4.0923,8.7707,3.6798
-4.6221,9.9183,5.0973
-0.0187,10.0596,4.2487
2.6743,-7.0002,-6.949
-1.5239,-6.2518,-8.3445
-0.6888,-5.236,-8.1834
3.0693,-6.2345,-6.3663
-0.8161,8.896,4.6625
-1.8822,9.5164,6.3218
-2.4017,8.7775,4.4584
1.5112,-6.2305,-5.8287
-1.7838,10.0731,4.0974
-4.565,10.6389,4.5024
0.0528,-8.3404,-6.6888
2.0136,-6.5573,-8.2179
2.2656,-8.1879,-8.0628
2.4838,-5.4429,-8.5261
-3.1161,7.7436,6.4179
1.6672,-6.5722,-5.4481
2.0745,-8.1627,-5.7326
-2.0496,9.1838,2.0832
-5.1634,10.8544,2.9311
3.0697,-8.7345,-4.9723
-3.4497,8.1856,3.5404
-0.9751,9.2436,4.6956
-3.1142,8.9165,5.0571
-3.0824,9.5891,5.0403
-1.3311,8.6245,1.6406
-2.0575,7.9318,3.5963
2.3009,-8.0775,-6.8835
1.4933,-7.0172,-6.563
0.4673,-6.658,-5.7546
-1.8925,9.2298,5.0606
-1.8136,9.4052,4.8731
1.411,-7.7901,-5.2591
2.014,-6.1431,-6.4296
-2.5132,8.8101,4.096
-4.4383,8.099,3.7169
3.1367,-6.4874,-8.5473
-3.373,8.4615,5.9084
1.8779,-7.2402,-8.0868
-0.5707,8.6275,6.1005
-2.5862,9.4088,5.0255
-2.7847,7.0469,4.1689
2.8691,-6.4889,-4.1491
-1.6302,9.3608,2.654
0.5356,-5.8151,-6.536
5.032,-6.2424,-6.7015
-2.1744,9.7438,4.8638
-0.1541,9.0187,5.8536
2.5139,-9.1234,-8.2743
1.5435,-7.0469,-5.9925
4.4764,-8.0973,-7.3139
-0.4507,-5.1493,-7.495
-1.4407,9.7045,5.2407
3.2948,-6.3198,-5.2646
-0.4358,-7.3456,-7.2469
2.2423,-7.2953,-8.814
4.4882,-4.9663,-6.0654
2.5564,-8.7364,-5.5809
1.7353,-6.2674,-5.353
-2.3288,8.578,4.5715
1.7702,-6.7841,-5.9695
4.8392,-5.4585,-6.0127
2.0746,-7.7359,-9.065
0.0635,9.775,2.2097
-1.1367,9.4205,4.1415
2.4688,-7.1365,-6.4248
1.1885,-6.8469,-6.937
-3.2833,9.448,6.4855
1.5189,-5.8012,-6.8349
2.5648,-6.9486,-5.5897
-1.3507,10.4976,4.7463
3.3934,-8.2933,-4.8794
3.8216,-7.5434,-7.1849
0.3749,8.9451,4.8812
0.8452,-6.3076,-4.821
-1.533,7.5372,4.9128
2.9869,-6.8863,-5.4659
5.2168,-7.1564,-5.5562
1.9317,-8.8197,-7.1554
-0.244,9.6821,3.0373
-3.82,8.6346,6.0956
-3.9758,9.8699,4.3515
-1.441,10.2566,2.4245
2.6969,-7.9003,-3.8979
-2.5366,7.8151,4.0341
-2.1646,8.2794,5.0737
0.0746,-8.0081,-7.553
-3.4432,9.2493,3.4658
-3.504,8.3421,5.5366
3.5189,-6.8622,-8.3635
0.9018,-6.2633,-6.8385
3.8844,-6.8564,-8.3069
0.2067,-8.5282,-5.2259
0.9524,-7.5288,-5.9733
0.6585,-7.9365,-4.7216
-1.5493,7.0747,3.3755
-1.2061,9.5839,4.6098
-2.9381,8.7978,6.2873
0.8386,-8.2636,-5.5153
2.7461,-6.7812,-8.983
-4.4124,6.7584,6.885
0.537,-5.8072,-5.8086
-0.4476,-10.2784,-5.9033
-4.4009,10.7861,6.296
2.4054,-7.5248,-6.0936
0.3525,-6.9707,-8.9017
1.2485,-7.2915,-9.3831
-2.6427,7.9296,3.7572
-1.7618,7.7331,4.469
1.6759,-5.2951,-7.9294
3.9352,-5.3056,-8.1907
0.4286,-8.5562,-7.5804
2.9428,-7.8973,-7.3886
-3.1251,8.74,3.4467
1.658,-7.2833,-5.7277
0.6358,7.6799,6.3969
-2.1108,9.2429,5.4912
2.6981,-4.1153,-8.6554
-0.5352,8.7154,5.3317
2.1122,-6.4121,-9.5446
1.2888,-8.2946,-6.8394
2.1612,-5.6514,-6.6698
4.2954,-5.901,-6.9378
3.04,-6.1911,-8.4117
1.2137,-6.6524,-6.5234
-3.1404,6.4303,5.9565
-0.5525,-4.429,-6.6937
1.3648,-7.4963,-8.3189
2.0227,-5.635,-6.4788
2.0669,-5.8457,-6.7132
-0.7388,10.0435,4.448
2.5835,-7.396,-8.661
-1.2306,8.3935,6.3311
-2.4069,5.4249,4.4156
-3.4251,9.0598,5.4599
0.8304,-7.692,-7.8073
-2.0064,8.1683,4.573
0.7071,-6.7281,-8.0617
-2.7428,8.9373,4.75
-1.5592,9.7632,5.3939
3.2138,-7.3686,-5.7906
-2.0247,8.9853,3.5554
1.5948,-8.0089,-6.5848
3.1524,-8.5597,-6.1754
-1.036,7.5627,6.647
0.6219,-7.1872,-7.5258
0.8421,-4.9419,-7.2665
-1.888,8.1434,4.864
2.2763,-5.2182,-6.3471
-1.9981,9.0373,3.8701
1.8354,-6.1995,-7.669
-4.1954,8.9514,6.6848
1.7711,-7.2708,-6.4117
1.6401,-5.3301,-6.374
-2.5381,9.252,4.4666
-2.1772,10.0069,4.6555
1.8761,-6.8169,-8.1528
0.5129,-5.2436,-7.6063
3.3154,-7.5115,-7.5084
-1.6957,8.4288,7.2286
-0.8608,8.8493,5.7833
1.0883,-7.8806,-9.5994
-1.8929,8.375,3.236
-3.5899,9.7804,4.2455
-2.2724,8.2731,4.2606
2.1846,-8.3794,-7.1984
-0.4692,10.3001,4.8686
1.3335,-7.2925,-7.3296
-1.8462,9.283,6.2768
-1.339,9.6156,4.8674
4.4237,-6.5253,-7.8119
3.0921,-7.3777,-6.0393
-1.206,8.3711,5.6095
3.144,-6.8787,-6.0571
-4.1914,9.7185,7.2684
2.5721,-8.9104,-7.0846
-2.5979,8.4723,4.8739
2.5122,-7.4914,-6.8388
-1.225,8.9825,3.5816
1.2996,-7.275,-4.8703
-2.4968,7.4401,3.3617
2.5139,-6.7803,-6.836
-1.7427,7.6427,6.6
-4.8517,8.8321,5.3459
-2.0894,7.8094,4.5253
-5.9847,11.5203,4.4724
-2.4288,9.6334,2.7648
-2.4109,11.7919,2.3992
-2.0503,9.214,5.2308
2.9308,-5.7714,-8.1409
-0.0538,-7.4451,-9.2507
-3.2058,9.7206,6.6438
1.6901,-7.3679,-7.5218
-2.7164,10.0747,5.4227
-2.0685,11.2201,4.3717
1.0875,-6.6621,-6.3278
3.9273,-7.2209,-4.9714
-2.7747,8.6821,5.0088
-2.1886,9.6248,2.7424
-3.7347,9.8643,4.9324
-0.2563,-6.1557,-6.5223
2.3472,-8.7023,-10.037
-1.6688,8.3235,4.7863
2.8077,-8.2488,-7.0139
-1.5004,8.2311,4.1045
1.3922,-5.7333,-6.9266
-0.4459,11.4053,3.7199
-1.8839,9.7885,5.3066
1.9493,-7.0083,-5.4158
-4.2583,8.6432,3.7373
-2.8663,10.6651,4.4598
-2.323,10.0044,3.5993
-2.0301,9.7909,4.0601
-2.4822,9.6708,3.2229
1.2441,-4.9978,-5.1428
-0.5202,-7.264,-4.9081
-1.9909,9.9748,5.545
-0.9542,8.1517,5.5339
-0.2084,-5.968,-6.9935
2.8662,-6.3738,-6.5599
2.8788,-6.6403,-6.3125
-2.1104,8.1161,6.5013
-2.3264,8.0274,5.9851
1.8252,-6.5088,-7.6669
-1.3433,9.7887,6.2822
-2.74,9.3761,4.5982
-2.9716,9.1505,5.4344
1.491,-6.062,-8.2645
1.7369,-7.4371,-6.8269
3.0013,-6.402,-6.4066
2.549,-7.202,-9.0837
2.6684,-5.1852,-7.6339
3.1147,-6.2473,-7.1092
1.974,-5.9411,-7.8292
-0.1043,-5.0857,-6.8305
-0.4124,10.1329,4.356
-1.0129,8.9399,5.7816
-3.6212,8.9766,3.6218
-1.1307,6.9266,4.2049
0.1936,-7.8608,-8.2407
-4.6407,9.5047,3.4046
1.0221,-7.3879,-8.5189
2.8013,-5.5744,-6.0502
-2.6703,10.7216,5.7513
-5.1559,10.0908,6.1697
-2.0051,9.7425,7.1077
2.8922,-8.8187,-6.5205
0.6543,-5.3769,-6.6866
2.1743,-5.4849,-7.5276
-3.2361,9.9048,4.999
0.8736,-7.8839,-7.0486
-1.6186,9.1048,2.7175
-1.3697,7.2324,1.5752
-1.5214,9.1023,3.0919
-4.6074,10.5795,2.6449
-4.503,8.935,3.1867
-2.2413,8.9484,4.9825
-2.6627,7.8676,2.7121
-3.2542,8.8125,4.0734
-0.2293,8.8551,3.4704
-1.4483,9.8985,4.3023
3.1225,-6.6305,-6.5109
3.3484,-7.8125,-5.0096
-1.96,5.7173,4.0402
2.738,-4.9401,-8.5514
2.4709,-4.9544,-7.2222
-3.8563,7.9133,5.8611
2.9833,-8.1411,-9.9182
-0.1226,-6.4816,-8.1367
2.6549,-8.1392,-5.245
-2.3589,8.499,4.7866
2.6977,-7.3499,-8.1014
-1.0321,11.0363,5.3153
-4.3149,9.9264,4.7388
-4.1324,7.1875,5.9751
-1.8325,9.728,5.664
2.8044,-8.4028,-4.8371
4.0398,-7.8001,-7.6047
2.1073,-5.671,-6.2585
-5.2055,8.2862,4.8934
-3.7069,8.5535,4.9401
-3.1842,9.7732,5.8069
-2.7626,7.8297,4.4824
-1.7287,7.2106,5.9022
-2.2403,9.0294,4.7571
-3.2941,6.8175,5.2533
-2.5844,10.1605,3.457
2.3902,-6.7756,-6.4533
-3.8429,9.3101,5.2377
-2.5843,8.1095,4.3031
2.6167,-9.515,-7.0747
2.8258,-6.3644,-6.4245
-1.7584,7.9857,3.3548
-2.7258,12.846,4.9984
0.4918,-8.118,-7.4084
1.4376,-7.1204,-6.4391
2.2363,-5.9294,-7.5649
-1.4096,9.4301,5.8375
2.5964,-4.8716,-7.5875
-0.8145,8.9187,5.1827
-2.3401,6.8922,5.0277
-1.4923,8.3719,4.5312
2.5439,-8.9759,-7.5266
4.4995,-6.8378,-8.5307
-1.4449,8.5094,1.5148
-2.893,9.1964,3.6377
-1.0245,-6.6391,-6.1494
3.4018,-6.6245,-5.6477
-3.3516,8.2188,2.9568
1.1499,-7.6203,-6.7516
2.4836,-8.7336,-7.5273
2.4729,-6.9443,-8.0589
-1.6746,10.0332,4.2871
-0.0018,7.0851,4.8616
1.0373,-5.5812,-8.4996
2.3892,-3.8658,-9.0882
4.0709,-5.6316,-7.7678
0.2534,-7.5092,-6.2877
2.7959,-7.0496,-5.4805
2.4015,-6.7821,-6.9256
1.2902,-7.8362,-6.831
0.6889,-4.8168,-7.9557
3.7278,-6.3413,-5.7257
-4.0654,9.4939,3.8583
-1.4703,7.5739,4.2385
1.2238,-5.9833,-6.8423
2.8993,-6.4521,-5.3663
-4.2702,9.212,4.7009
3.1665,-6.1044,-9.7261
1.3156,-7.1366,-5.8755
-1.0263,7.729,5.4561
1.9948,-6.3125,-8.5203
-3.7785,10.0013,3.1749
0.7989,-8.5375,-9.038
-3.4368,9.0437,5.2375
3.3914,-6.3025,-7.1231
-2.8638,9.8506,4.2393
-1.6433,8.7372,6.3838
1.3392,-5.6363,-8.5877
3.2978,-6.3094,-6.883
0.1114,-6.0852,-5.4538
-3.6171,7.3923,3.4688
-1.8998,9.6602,5.9269
-2.4636,9.1583,5.3761
1.1338,-8.1241,-6.0817
-1.4636,7.3991,4.7915
2.669,-7.7279,-5.8534
2.0962,-7.459,-9.0175
-3.8319,9.8319,5.1302
-2.8253,9.8293,4.2774
-3.4524,7.357,5.0045
-2.0456,8.7689,6.7464
-0.0171,9.4726,5.1559
-3.1464,8.2665,3.9733
-1.1149,7.9015,4.9259
2.1525,-5.9547,-4.0221
2.89,-8.731,-7.6394
2.3196,-8.2682,-8.4799
-2.5606,9.0839,5.658
1.3046,-7.5833,-7.6238
-2.0139,10.0008,6.916
2.1448,-5.8601,-6.0487
-2.9538,7.3276,4.6586
1.5138,-7.0281,-7.3573
3.6826,-6.9897,-7.9454
-1.8167,8.7706,5.0853
2.6252,-6.8758,-5.4041
-2.1957,8.5712,4.8119
-1.9081,7.8412,4.7591
-1.3079,5.7704,5.4533
1.3715,-5.7093,-6.2614
3.7143,-4.711,-8.8993
-3.0494,9.0149,5.3613
-1.7703,10.4589,4.4725
1.5522,-7.1529,-6.0215
-0.7622,9.8597,5.5867
-1.0238,7.101,3.9206
3.2217,-9.2257,-7.3228
-2.4181,9.9055,5.2186
-1.0677,8.5246,2.1941
0.7415,-5.4036,-8.0378
-2.844,8.6786,5.5883
-2.2265,9.9393,2.8656
-2.6994,8.9815,3.52
-2.3353,9.043,4.2182
1.313,-7.0561,-5.8712
-1.9611,9.698,5.1771
2.001,-5.2584,-8.6951
2.3051,-5.4451,-7.5961
-0.888,-5.9854,-6.7191
-0.2121,-7.5968,-6.4359
2.8002,-7.7,-7.2086
-0.606,7.5289,7.1995
-2.4752,9.05,5.7658
0.5629,8.899,6.019
-2.7653,10.8032,4.8183
1.3058,-7.0357,-4.8772
1.1518,-6.3308,-4.3622
4.1548,-5.9494,-6.2165
1.5015,-5.6777,-5.208
-2.5055,9.5386,6.0687
2.2052,-8.4974,-6.8613
1.1939,-6.5253,-7.166
-2.3541,9.1456,5.5108
1.0179,-6.7561,-9.657
3.3973,-5.156,-7.1658
2.9033,-8.1343,-6.9116
-4.145,9.2419,3.8455
-3.9419,9.1858,6.7189
4.1924,-5.8679,-5.4847
-2.2694,9.3311,6.1667
-4.7766,8.4715,1.7312
-2.1202,8.8581,4.7563
4.7112,-7.6208,-8.7222
-5.072,12.7796,5.9071
-2.2534,8.1119,4.257
-3.1857,8.0276,4.9323
-3.1782,7.3705,4.5339
1.9622,-7.5009,-6.6187
1.823,-5.8634,-7.0184
-3.29,8.4297,3.929
-1.8363,10.3139,5.9044
0.1353,-5.4993,-7.1265
1.9464,-6.4931,-6.8934
-3.7072,10.1955,4.3831
-1.0687,8.226,3.3836
0.6273,-6.0284,-6.8568
1.2,-10.1666,-5.4567
-2.2445,10.4758,4.024
1.1747,-6.0133,-8.4041
2.1873,-5.165,-8.6491
-2.2219,9.6139,5.2063
-1.313,9.351,6.7502
1.9426,-7.1402,-6.8101
1.1262,-8.55,-4.8352
2.2184,-8.3222,-7.3549
-1.729,8.8953,6.8558
0.1214,-6.6825,-4.2446
-3.0411,7.9525,4.4323
1.8516,-7.5978,-8.04
0.4943,-5.7367,-4.8531
-1.8221,10.6935,5.7494
1.6644,-5.5811,-7.035
0.6363,-7.6367,-8.0106
1.3153,-4.5715,-7.8096
1.9977,-8.6384,-9.003
2.0904,-8.397,-9.0318
-1.5025,8.2736,3.9699
3.6149,-6.7285,-5.8588
-0.6204,7.5434,2.8826
-0.352,9.7833,3.9545
0.1067,-6.6386,-6.7592
1.0561,-5.8282,-7.7314
0.0557,-7.6357,-6.0018
2.1062,-4.8341,-8.2098
-3.8878,9.8139,5.195
2.638,-7.9137,-6.8441
-1.2025,9.0914,3.3466
0.8137,-7.0901,-6.2903
-2.0808,8.1828,5.7194
-3.1516,9.4444,3.7627
2.5359,-7.47,-5.2864
4.1349,-8.4415,-9.1037
1.2606,-7.0784,-6.7858
-3.1134,7.1535,4.7222
-1.6889,7.3751,6.0942
0.4029,9.5338,2.9867
-3.7954,7.1498,5.6213
0.3342,-7.0584,-6.2768
-1.7379,10.6093,4.8757
-3.4194,8.7378,3.5308
-1.7952,8.3454,4.1443
2.3794,-8.0051,-6.6202
0.972,-4.2587,-6.1955
-4.5533,8.9476,5.1008
-2.9496,8.0212,4.7433
-2.2086,9.43,3.8238
0.6271,-7.7999,-6.7984
2.7894,-6.5107,-7.8696
-3.6515,9.1073,4.9492
5.3508,-7.0048,-6.4081
-2.4068,8.0444,3.6433
-2.1975,7.9291,5.4062
-2.7536,7.9607,3.6476
2.8547,-8.0626,-7.2211
-2.5806,5.1248,3.4106
0.3429,-8.1753,-9.3063
2.4392,-6.9934,-7.4978
1.8961,-8.0923,-7.4984
3.2378,-8.3131,-6.5371
1.6334,-7.2407,-8.3315
2.7031,-8.4602,-5.9489
2.9836,-7.3227,-10.3685
-2.1262,10.6228,2.3897
-1.5691,8.7124,3.9229
-2.0896,7.1365,4.7543
3.1473,-6.2531,-8.2045
0.7086,-6.3662,-8.9224
-2.9424,10.4055,3.3426
-4.327,8.4785,5.6676
-0.6573,8.4277,3.2963
-2.0807,10.7878,4.018
2.2023,-6.9232,-6.7038
2.196,-5.0687,-6.1534
2.6341,-6.3459,-7.8709
-3.9133,6.8519,5.2896
1.5269,-7.7538,-6.4967
-2.273,9.9004,4.8455
0.7348,-6.165,-7.588
1.2369,-6.6441,-6.2252
-4.2475,8.6547,4.5796
-2.0232,7.5012,5.7413
-2.045,10.3235,7.0546
2.2034,-4.5416,-5.65
2.3832,-7.2052,-8.34
-5.1951,6.4694,3.9116
2.2649,-7.4439,-6.1453
1.2945,-7.4452,-6.018
5.6911,-7.1894,-6.268
-1.8652,10.4371,5.5026
2.2232,-6.4472,-7.9729
1.2199,-7.2253,-5.1779
0.1186,8.0443,3.6322
0.9575,-7.5815,-7.4546
-1.4001,7.7976,4.7427
-1.7274,7.6491,4.3981
-1.4512,9.0047,6.4158
-2.0565,10.8929,4.561
2.7213,-6.0355,-4.2942
-0.5029,-7.2604,-5.7507
-3.6371,8.3976,3.3688
2.1247,-7.4426,-8.0715
-2.9409,7.423,4.1437
-0.7214,7.0932,3.6457
2.8321,-4.0064,-4.258
2.5413,-7.2008,-5.864
0.4578,-7.8107,-6.7854
2.0402,-7.2512,-5.5049
3.2595,-7.9348,-6.4618
2.8331,-8.9559,-5.2794
2.8017,-6.5609,-6.0908
-0.2578,10.1548,3.9476
-0.4868,-5.4887,-7.2836
0.5665,-6.3224,-7.5408
2.0705,-7.4564,-3.8329
2.085,-7.4928,-9.9444
1.2935,-5.8817,-6.6287
-3.8294,9.5417,5.5746
-2.2757,8.1233,3.0559
-3.7382,11.2392,6.1051
-0.1592,7.5388,5.2359
-2.7213,7.1559,4.0505
4.1288,-6.0323,-7.1713
-1.9467,7.8162,5.002
2.1887,-5.2655,-6.4484
-3.6116,7.8093,3.7185
-3.5074,8.9337,3.781
-2.5686,9.8241,3.2926
2.7158,-4.9136,-6.4225
0.9983,-6.9385,-7.0725
0.2495,8.5789,4.1053
2.9306,-9.1108,-6.8255
1.6231,-6.9514,-6.2878
-2.7049,8.1204,3.8297
-4.0633,8.6113,6.6427
-1.0592,10.2432,5.3509
4.4003,-5.3766,-7.8149
-1.4791,8.7327,4.6858
2.348,-5.4483,-8.3896
-0.3208,-5.3062,-7.1493
-2.4837,9.3849,6.6825
-2.2113,8.4631,3.6201
-1.6706,9.5195,5.2303
-0.5154,9.0393,4.9167
-1.6391,9.6337,3.8701
-3.2889,7.5704,3.3894
0.5373,-8.6718,-9.4288
0.5892,-8.9044,-9.0328
2.5486,-6.0049,-7.7109
1.3937,-6.9789,-6.5884
-1.9413,8.9269,3.6237
0.4469,-6.626,-5.6049
-2.7334,8.4866,6.3763
2.7169,-9.1732,-6.7685
2.2876,-9.2191,-7.3011
-2.9936,7.8681,5.1482
-2.0584,8.2935,4.2898
-0.496,8.35,5.3227
-2.2703,8.294,4.7236
-3.8654,11.9083,6.4596
-2.8152,10.8191,1.4587
-1.2641,8.4023,4.316
2.6755,-6.2618,-5.8962
-2.4569,11.0483,3.8927
-2.7448,8.9284,4.5952
-0.8506,9.7927,4.4393
3.9373,-7.0996,-6.9039
2.3223,-5.7302,-7.8292
-2.0668,8.5423,4.6744
1.2362,-6.7104,-4.9738
0.8059,-6.3917,-7.0873
1.2443,-6.9723,-6.3691
-1.9423,10.7952,5.0666
-1.0415,8.7037,5.0629
1.2764,-7.6133,-6.9916
3.9023,-6.9043,-6.5331
0.5865,8.0499,6.6068
-3.6371,10.0097,4.4073
-2.6863,8.455,2.7262
1.6463,-5.3992,-7.8462
-2.5029,9.0707,4.0998
2.666,-7.034,-5.1918
-3.0939,8.2034,4.6809
2.0085,-6.2597,-8.0577
-2.7721,10.0096,1.9865
1.956,-6.7001,-6.7627
-3.2989,8.6498,3.0248
-0.5804,9.6035,5.5217
-2.2989,12.5966,5.0809
0.4934,-5.2105,-8.5073
2.1672,-6.7562,-6.7009
-2.6601,9.0812,5.9529
-3.2616,11.1892,5.4892
-3.0676,8.8871,7.8131
-2.933,9.4205,4.2854
-1.1794,7.7664,5.3752
-2.6826,8.0634,4.2703
-1.9094,7.3351,5.0811
-3.6752,7.3587,3.8878
-3.6775,9.5859,5.2464
1.0383,-6.6357,-7.4293
1.3872,-6.1196,-6.853
-1.5997,9.8369,6.8582
-1.3901,7.3122,2.5269
-1.6075,7.011,5.2919
-2.1357,12.7089,5.9834
0.7372,-6.8243,-8.1685
2.4425,-5.4786,-7.7489
0.0156,-6.3033,-8.1462
0.0808,-7.843,-6.9689
1.079,-7.0056,-6.1448
-1.6173,9.2193,4.4191
-2.6376,7.772,3.9755
1.863,-6.9845,-6.2221
-2.2876,7.3977,3.4739
-3.0183,8.3305,5.0353
3.6702,-6.3428,-7.4816
-2.3927,10.1767,3.7974
-1.932,9.2829,3.6913
3.2624,-6.2839,-4.39
-1.7662,11.4833,4.6648
-2.4412,9.6499,4.5553
2.8474,-6.1145,-6.5696
3.0995,-7.091,-6.7805
1.338,-8.697,-6.4942
-1.983,9.0378,5.4473
-1.9367,9.1065,3.1003
1.2204,-6.8254,-6.8187
-0.7076,8.6271,4.3389
-2.8788,9.9499,6.2122
4.3039,-8.9763,-6.7666
1.2431,-6.1686,-6.3885
-5.5455,8.6711,5.961
3.3774,-6.7185,-6.7846
-2.541,9.0866,7.5958
-3.0791,8.2303,6.7584
2.9084,-6.9265,-7.3816
-0.6216,8.4553,4.4589
-1.509,6.6218,5.0887
1.0909,-4.8922,-7.1718
-4.11,8.2926,5.0236
-3.2599,9.4893,5.2327
3.0012,-4.8668,-7.8463
-2.0429,12.0059,4.6326
-3.4113,8.5027,6.018
-3.2072,7.7966,3.8607
-2.3012,9.307,4.372
0.3466,-7.7305,-4.5362
2.1373,-9.6447,-7.3133
2.1717,-8.538,-7.4605
-1.7633,8.5708,5.0924
1.8489,-7.1363,-5.7157
-0.0363,11.1207,4.3411
4.1687,-7.3713,-6.0253
-5.0075,11.05,4.8931
2.4744,-6.7507,-6.4153
5.475,-7.1006,-8.2363
-3.5786,6.4321,3.7769
2.1395,-8.183,-7.922
0.8042,-6.0355,-8.449
-4.3257,6.8505,2.7389
-2.0193,6.9712,5.8749
-5.584,8.7851,7.535
-3.4202,9.1948,5.05
0.1803,-5.3735,-7.4773
2.5585,-7.7607,-7.0499
-2.8037,8.1098,3.5725
1.837,-6.6138,-5.3984
4.3628,-6.4081,-4.9716
-1.6593,9.2941,5.7836
1.4078,-6.992,-5.2892
3.1232,-6.8176,-6.6052
-3.22,9.1625,6.9849
-2.517,9.7328,5.4419
-3.8247,7.2862,6.5533
2.0765,-7.7759,-5.6919
2.5282,-8.2949,-6.6734
0.9867,-8.3428,-7.5634
1.4022,-7.871,-7.7045
-1.5062,-4.874,-7.9618
0.4098,-6.3371,-7.3073
-4.5802,8.2012,6.0728
0.7811,-8.0987,-8.5464
0.9505,-6.2579,-7.5152
-3.2917,7.7067,3.6982
-0.976,8.3044,5.2964
-0.338,8.7526,3.6227
-0.124,-6.3579,-6.3096
-2.6704,9.9873,5.5921
0.4514,-7.0815,-6.7981
-1.8572,9.0729,4.6886
-1.8214,6.8712,4.2083
0.7917,-6.8868,-5.9393
2.6132,-5.8723,-5.4183
-3.2815,10.2502,4.2381
-2.2203,12.1363,5.3185
1.5641,-6.3656,-6.7875
1.7446,-7.5685,-7.2175
0.9007,-7.3452,-7.0915
3.2654,-9.4832,-8.3131
3.1703,-7.2238,-5.9687
1.5234,-8.1259,-8.8376
-0.2179,7.336,5.3154
-0.6331,8.0322,6.4787
-1.9421,9.3215,5.8191
3.4359,-9.2209,-6.7078
-3.4191,7.6575,5.3871
2.2107,-7.6086,-7.3653
-3.7733,8.2658,6.9367
2.4045,-4.0607,-7.7394
1.5285,-8.4973,-7.7377
-1.0655,-6.0611,-6.7287
-0.6155,10.1968,5.6829
-2.457,9.6841,1.6044
1.7502,-6.5076,-6.948
1.3689,-7.0604,-7.7995
2.4133,-7.3403,-6.6374
3.1812,-8.765,-5.5823
-2.0468,7.9537,4.8243
3.9575,-6.7118,-5.6848
-0.5705,7.5331,3.9289
-2.3648,9.6316,5.4938
0.9193,-6.7598,-6.3032
-4.8844,9.9118,3.3526
-1.8525,9.6729,4.3339
-2.5484,6.5334,4.5329
-1.4265,7.925,6.463
-0.7139,9.7995,4.5732
-2.6061,9.1086,2.242
1.1133,-5.9081,-6.243
-1.9238,11.1795,4.4108
-2.9792,9.3372,4.228
-1.2623,8.9234,5.4445
-1.8996,7.6902,2.0564
-0.5162,-6.9061,-5.5339
4.8437,-9.3989,-6.0602
0.7421,-6.8048,-6.7515
-3.1558,7.804,2.2847
1.7069,-8.4994,-4.7583
-2.6543,9.5177,3.5749
2.4757,-6.6149,-8.4053
1.7079,-6.7964,-6.649
1.5617,-6.5456,-7.4912
-1.782,7.4778,6.7456
-1.5677,8.9912,4.3244
-1.2369,12.3259,5.1108
3.9696,-6.5133,-6.1752
1.4198,-5.9717,-8.5535
0.5479,-7.3564,-6.2389
2.1509,-7.9369,-7.7348
-2.1887,10.0818,4.7386
-3.3544,7.3241,2.7719
-2.3331,10.4621,3.6596
-0.1245,10.1079,4.7668
4.2776,-8.3471,-6.7946
-4.5407,8.8963,3.4536
1.4291,-9.0344,-7.2762
-1.0751,7.1865,3.9692
0.3271,-4.9491,-5.8862
-4.0214,8.2747,4.1896
3.8145,-5.5328,-7.4318
2.5958,-6.2847,-6.8782
1.6748,-6.1277,-6.8254
3.3792,-8.291,-6.295
2.9357,-5.845,-8.5796
-3.5256,7.8246,2.0558
1.8914,-6.4429,-4.3683
-1.6584,8.9066,6.368
-0.3661,-9.3401,-5.9931
3.2295,-7.2819,-8.4894
-0.8057,8.2938,2.4
-0.6141,9.9352,4.0765
1.7965,-6.2018,-4.9172
-2.4601,7.8117,5.5289
1.2693,-6.6106,-6.0226
2.206,-8.4037,-6.5358
-0.7362,7.6443,4.4075
1.5251,-7.4799,-7.0839
2.2225,-8.4308,-7.5187
-2.3712,8.8221,5.4455
-2.265,8.1067,2.9332
1.3179,-8.1902,-6.7177
-2.3991,6.6292,4.3763
0.4272,-6.5284,-6.7055
1.8423,-6.8384,-6.6874
-3.0306,8.6433,4.9064
-3.7841,9.5283,4.4153
-2.2494,9.069,3.858
0.7805,-6.3754,-7.9079
-1.9222,9.776,5.9715
-3.5425,10.6983,5.4774
1.9253,-8.5647,-7.0411
-2.5886,11.534,4.3434
-1.4245,6.1788,3.4282
2.9126,-7.397,-6.3904
2.5799,-5.0927,-4.1544
1.7928,-7.2717,-8.1312
0.8586,-3.3568,-8.1681
-1.4107,8.3548,4.4998
3.6042,-5.967,-8.9716
1.6434,-9.5211,-9.2788
0.0251,-4.6135,-7.0772
-2.1539,9.3276,4.646
-1.8389,-6.5447,-6.5302
0.5788,9.0853,4.6566
-1.3864,10.5402,5.5059
0.1589,-5.4884,-5.7124
-4.8733,10.0854,3.1865
2.566,-10.3052,-7.9083
-2.745,8.7673,3.744
-3.2584,8.7929,3.9142
-3.1458,8.3233,4.3098
-0.6493,8.0744,4.2534
-2.8803,9.4118,5.8105
-3.7139,9.263,4.7231
0.7254,-7.6088,-7.0449
-4.4099,9.9268,5.5828
0.9844,-7.7426,-4.4203
-4.0041,9.0802,3.7884
-1.8079,11.386,2.7628
-0.4703,-6.8226,-7.179
-2.8541,9.3591,4.5853
0.1611,-7.1443,-7.1126
1.9,-6.2793,-7.5204
1.078,-7.6735,-5.976
1.0001,-6.4395,-7.7687
1.6775,-5.696,-7.7345
2.3624,-7.5189,-5.8725
1.6461,-7.2883,-6.2799
-1.7275,8.636,5.5506
-3.6246,7.2185,3.8599
-2.9392,8.2372,5.5329
2.4059,-7.9158,-6.9176
1.4288,-4.8082,-7.9449
0.499,-9.3703,-6.9834
1.5755,-7.502,-5.8563
0.7705,-7.7825,-8.6403
-2.9137,8.2782,4.2769
2.3625,-9.0443,-9.7505
3.011,-6.6979,-6.522
-3.2844,8.0553,4.0606
0.809,-7.3567,-5.3949
2.3222,-9.2743,-8.2256
3.0471,-8.838,-7.966
0.0867,8.645,4.9029
2.482,-6.8323,-8.6032
2.8656,-7.1255,-6.8424
2.4368,-5.8743,-7.6952
-0.2828,-6.0244,-9.1399
-1.4063,8.666,4.9607
4.2535,-5.652,-4.9079
-3.4923,8.4428,5.6891
-2.1622,11.9606,3.8746
-2.959,9.8674,5.173
-1.799,8.5894,3.9516
-3.7906,10.1547,6.6926
-2.3704,10.4294,4.7209
1.7534,-7.3076,-5.4633
-2.1941,9.2466,5.661
-2.2576,8.4243,5.6084
1.898,-6.5901,-6.7787
2.5803,-7.7536,-4.282
-1.3139,8.1061,2.9337
1.7473,-5.4479,-5.6543
3.2077,-6.2776,-6.5821
-0.8024,11.101,5.8145
1.1725,-7.7592,-5.5648
-2.12,7.5994,6.0651
-2.6093,7.2747,3.5336
-2.9068,8.2796,3.3377
2.8528,-9.1509,-6.5063
0.5123,-6.3181,-8.2844
-2.8755,8.2829,4.4155
-0.7768,7.5065,5.6157
-2.8123,7.5169,6.5988
-2.2099,10.9072,4.5255
3.2692,-5.7483,-6.2953
-1.5752,8.3529,3.658
1.9441,-5.4367,-8.1944
-2.1078,9.8045,7.0521
3.0657,-4.9911,-6.3321
-3.7958,5.5087,5.1638
-2.387,10.8731,3.153
-0.0556,-8.0538,-3.5738
4.0791,-6.8575,-6.6098
-3.7189,6.7693,4.2181
-2.667,10.0055,4.1158
1.6198,-5.1363,-5.0456
-0.6113,-6.3432,-7.6464
-0.4551,7.368,2.7036
1.1823,-7.5685,-6.2364
-1.9946,9.846,4.8516
-3.3401,7.3267,4.5402
-2.0003,8.4457,4.6225
1.5083,-8.198,-5.1755
1.7601,-6.0926,-5.7234
1.4794,-6.9867,-6.9252
-2.975,9.2188,4.8326
3.9571,-6.1319,-6.5923
0.0888,8.2421,5.7533
-4.6751,7.0612,4.6976
1.0358,-7.1914,-4.9619
-3.5983,8.3222,5.5463
1.2585,-5.799,-4.8408
-1.5303,10.0469,3.9402
1.236,-7.7314,-5.7054
1.2357,-7.9072,-7.6141
-4.6368,10.5286,3.553
1.1888,-7.8473,-6.7893
1.9193,-6.6606,-7.6842
-3.614,9.2175,2.9434
-3.1407,10.6803,4.1779
-2.7184,9.2847,4.1964
1.4698,-5.9718,-9.177
0.7852,-6.9216,-7.8533
-3.0341,9.8811,4.1925
-1.4838,7.704,5.7082
-2.0967,8.9559,4.6792
0.6138,-6.4592,-7.8933
-3.5874,9.0481,4.6289
-2.8352,11.0224,6.2484
-1.5064,7.6586,5.2756
1.8759,-8.0898,-9.3832
1.9293,-6.088,-5.5719
-3.2395,8.3795,3.372
-1.0536,-7.062,-5.6079
2.1748,-5.7454,-6.2791
1.9047,-5.4588,-6.4699
-1.5229,9.1187,4.2811
-1.0122,-5.3473,-6.4745
-3.311,11.2622,5.9359
-3.3713,10.0882,4.2859
-0.5352,-7.0839,-7.1988
-1.4352,8.4346,4.816
0.959,-6.2156,-6.9208
-5.1724,8.7385,3.6182
1.0755,-9.2404,-6.9056
-2.2721,11.5046,3.8129
-4.0839,9.7608,6.2346
3.8094,-6.0817,-7.9896
2.7894,-9.2037,-7.7937
2.6621,-5.2001,-8.4907
-2.5951,7.1928,4.2114
2.5225,-7.4759,-7.0992
-3.7164,7.5573,6.0296
2.1617,-6.6682,-7.6803
4.2505,-8.0171,-7.8813
-3.4822,7.5052,4.3591
-2.8045,8.0024,7.245
1.4691,-9.1652,-5.1468
2.8389,-8.1398,-5.9711
-1.8313,-6.6269,-7.4663
-1.1413,10.5948,4.4982
-1.5982,8.3225,1.5306
-4.8039,8.9319,2.9979
-0.5795,-6.9985,-7.6035
2.8958,-7.6095,-6.4444
3.2822,-7.4352,-7.06
-3.0842,8.7915,3.3123
1.0072,-7.3449,-7.3764
2.8745,-9.3577,-6.846
1.8233,-6.8608,-6.6177
3.5518,-6.627,-7.0726
-0.8062,-5.85,-7.8739
3.7773,-7.2758,-7.1341
0.4883,-6.7483,-5.2857
3.1845,-7.8936,-8.6789
-3.5599,7.3549,5.7513
-0.8344,8.3397,4.3888
-2.7604,10.3019,7.4765
2.9135,-7.694,-7.262
-3.3694,6.7744,4.5407
3.1227,-4.7105,-6.2727
3.4078,-8.7024,-6.2746
0.4366,-6.6523,-5.6712
3.9525,-5.5949,-7.7556
-2.9204,8.5686,2.9509
-2.3068,9.5446,3.3314
3.1396,-6.8956,-7.5999
1.8897,-8.304,-5.6107
-1.2807,9.3135,5.894
-0.6951,-7.5013,-7.2413
-2.1908,8.315,1.7133
-1.8818,8.3258,4.6107
2.2332,-7.2436,-7.1427
-0.7034,-6.6076,-7.554
-2.484,9.8326,4.2676
-2.9796,10.2862,5.3803
0.4797,-6.6002,-7.6097
2.7321,-7.4486,-7.8062
2.6103,-9.4935,-7.5155
-0.9615,9.8221,4.4737
-2.781,9.4551,5.7362
-0.8764,7.4437,1.0165
1.0341,-6.0312,-4.3785
-3.0903,10.5346,3.7907
-3.1435,9.7179,6.1258
3.2624,-6.6104,-5.7953
-1.141,10.9109,3.4218
-2.4969,7.8365,5.1944
0.1218,-7.0724,-7.4611
-2.5409,9.3505,3.6684
-0.5685,9.1395,3.5613
-2.8325,9.8753,6.4427
1.7006,-7.0497,-6.7174
-1.0831,12.0466,4.0028
-2.296,7.4119,5.0961
1.0185,-6.3704,-5.3447
-0.9927,7.9987,5.2921
-3.3453,9.7127,4.9524
5.0787,-8.3193,-6.0414
-3.3276,7.8123,4.3026
1.482,-5.6725,-8.2331
3.4797,-5.7446,-7.9608
3.8925,-6.0359,-6.2403
-3.9784,8.7635,3.6193
-2.5637,9.0448,2.3363
-0.6587,11.4216,7.1137
1.388,-8.6031,-6.0474
0.5461,-5.6148,-6.1937
-2.0417,7.9723,5.2814
-2.9276,8.5952,4.2539
2.6403,-9.1656,-7.4008
-1.5128,7.987,4.7258
1.3761,-7.818,-7.7918
1.3929,-7.6142,-6.2907
-2.4164,7.9807,6.4676
-2.7267,8.235,6.2254
0.3448,-6.6118,-6.2178
-2.6345,8.8117,4.7239
1.4277,-7.142,-6.9898
2.8927,-8.1279,-4.5459
-1.9492,10.8395,3.5012
-2.894,11.1685,4.916
0.7649,-6.8222,-7.5571
1.1044,-7.1141,-7.4224
2.7976,-5.1198,-8.214
1.8402,-7.3455,-6.9472
-2.2287,7.1472,5.0369
2.1275,-7.1504,-5.2133
-2.7744,9.7513,5.5489
1.1985,-8.8729,-6.2762
-3.9882,9.677,5.3906
-3.0215,7.7998,2.6541
-3.4524,7.4168,2.4364
2.0606,-6.7918,-7.0604
-3.0022,7.6874,4.382
-2.1973,9.9525,3.1555
1.4318,-6.2175,-5.4398
1.0461,-6.4246,-5.4038
2.6116,-6.4456,-4.7667
-2.4376,8.238,5.4777
1.2871,-6.4805,-5.7604
-3.0965,10.2673,5.4581
-1.4844,9.5121,5.1958
-3.1285,9.1296,4.0851
-3.4997,12.5532,6.1335
-2.8207,7.2105,4.345
1.7059,-5.6014,-5.137
-0.7797,7.2913,6.0357
1.026,-6.8881,-7.1388
3.0157,-8.3032,-6.1747
-1.4859,9.596,3.6243
3.3194,-4.0956,-6.6448
-1.8241,10.377,5.7847
2.7263,-7.215,-7.0701
2.7968,-7.8863,-6.7987
-2.8292,8.4992,5.3461
3.0305,-6.878,-6.4056
-3.1625,9.1474,3.2587
-3.353,8.9723,6.7648
-3.6978,8.3347,4.7595
1.4,-8.3858,-7.0333
-2.172,8.267,4.3901
-0.8911,-7.4747,-5.5633
-1.7765,9.686,5.9368
2.7467,-7.3386,-9.2513
2.361,-5.339,-5.3261
1.2107,-6.9292,-6.2129
2.7396,-5.6099,-6.439
2.4509,-6.9491,-7.7622
0.7799,-7.9854,-7.5586
3.4607,-7.3551,-5.5981
-3.7365,8.7054,2.6376
-0.7678,10.1654,7.2237
-3.8139,7.7113,5.4551
1.4749,-6.8388,-6.7465
2.0919,-6.4736,-8.0712
0.8778,-7.3805,-6.4672
-2.8062,8.925,5.3847
3.4032,-6.9801,-8.2236
-3.0667,9.2557,4.9798
2.5801,-6.9837,-5.371
-3.5833,9.731,3.5019
1.4782,-7.7661,-8.8325
2.1891,-5.8742,-7.0025
-2.729,9.6557,5.7051
-3.4644,10.3055,4.6655
-2.6078,10.355,5.0511
0.9976,-5.8917,-6.6092
1.9144,-6.0259,-3.1446
-3.0531,10.7572,5.032
3.0871,-7.4755,-8.2643
-5.0554,8.2849,6.1963
1.9491,-7.8051,-9.0089
2.7646,-4.7598,-5.6338
-2.9471,8.0072,3.3861
0.0561,-7.272,-7.1363
1.9964,-9.664,-5.941
2.8384,-7.5339,-3.3674
-1.7538,8.0491,5.7143
-2.5465,7.9227,3.5161
-2.5544,10.3382,4.777
1.0113,-7.2963,-5.9551
1.8243,-8.1567,-6.8919
-4.7986,7.9818,4.1436
2.4919,-6.3156,-7.7293
-4.1305,7.4273,5.2181
1.1491,-4.931,-6.4203
2.8508,-6.1711,-7.0507
-4.1624,7.8889,5.2579
2.0905,-5.5549,-7.1876
-3.8641,8.3849,5.2271
3.2436,-7.087,-5.9538
-0.3181,-5.2977,-6.7929
3.4842,-5.5039,-8.0482
3.5635,-5.8871,-6.6905
2.5567,-8.0778,-4.9322
-1.56,7.923,6.3232
1.4223,-7.7131,-8.2653
-4.3292,10.7866,3.2385
-1.9496,10.1991,4.5487
-1.0732,8.2825,4.4791
-1.4072,7.1297,3.4523
2.9804,-5.8322,-8.0395
0.3441,-7.9604,-8.0371
2.7758,-6.0733,-6.4191
4.7427,-7.0974,-7.0077
-2.8022,10.1712,6.0672
-2.9205,8.0516,4.4463
0.1778,-7.9815,-5.2928
0.3763,-9.4932,-7.7194
-2.1846,8.954,4.3531
-3.0837,10.5212,3.5664
0.2799,-5.9158,-6.5926
-2.1486,9.7609,3.2733
-0.1182,-6.3883,-7.2121
-0.2394,-7.948,-6.957
-2.2399,10.2708,6.6606
1.8161,-5.5257,-7.9311
1.1237,-7.1949,-8.7952
2.8088,-6.5451,-7.1305
-2.5316,8.5481,5.9888
-2.7203,9.1621,5.3017
-2.4203,10.9686,2.9838
-3.046,10.5515,4.7213
-3.9944,10.0573,5.7046
3.7035,-6.6169,-7.8903
