1.4156,-6.6382,-6.5402
3.1822,-7.7012,-5.9314
-1.9611,9.698,5.1771
0.9927,-6.0885,-5.755
-1.2448,7.875,7.7987
-4.6221,9.9183,5.0973
-3.6978,8.3347,4.7595
-2.2188,6.7183,2.57
1.2009,-5.6437,-7.2818
-0.6587,11.4216,7.1137
2.1812,-6.5869,-7.148
-1.036,7.5627,6.647
1.4293,-5.1367,-6.488
-3.4432,9.2493,3.4658
0.0888,8.2421,5.7533
1.812,-5.9067,-5.9279
-3.0791,8.2303,6.7584
-1.1079,9.3196,5.045
-2.0271,9.8425,4.1584
-1.8581,8.4582,4.081
3.7987,-5.6817,-7.3981
-1.3803,7.8353,4.3703
2.2099,-7.6208,-7.2594
-1.0119,8.2061,4.9747
0.9685,-7.6091,-7.5271
-2.0808,8.1828,5.7194
2.6002,-6.3775,-5.1982
-1.0751,7.1865,3.9692
0.3768,-7.1066,-5.7741
-2.1772,10.0069,4.6555
-1.7893,10.8512,6.1024
-3.0899,8.6299,5.1489
0.8578,-8.6755,-7.6601
-2.9539,9.9403,1.2216
2.147,-6.8509,-7.3018
3.9078,-5.8034,-7.2023
-4.141,9.9098,5.4145
2.5899,-6.6641,-6.4594
2.5225,-4.8702,-6.8868
0.8627,-6.5732,-7.9545
-2.5055,9.5386,6.0687
2.0001,-6.2231,-8.2971
-3.8641,8.3849,5.2271
-2.5029,9.0707,4.0998
0.4941,-6.2169,-6.1294
2.9965,-6.2979,-7.8957
2.5357,-8.0777,-6.518
0.8924,-6.1136,-7.2745
2.9979,-6.3818,-6.3242
1.8844,-7.4216,-6.6461
1.3573,-7.1539,-8.0733
-2.9204,8.5686,2.9509
-3.546,9.0725,3.6427
0.2241,-7.2507,-7.7827
0.9901,-7.4511,-5.8308
-1.9413,8.9269,3.6237
-3.1464,8.2665,3.9733
3.6216,-7.0446,-5.7367
1.137,-6.1812,-6.5676
1.8226,-6.4862,-6.777
-4.327,8.4785,5.6676
-1.7768,8.9892,4.7807
-1.5085,9.5653,4.5557
0.0441,-7.7949,-7.8031
-1.7137,10.4225,4.8571
-2.8663,10.6651,4.4598
-0.9154,9.6818,5.1869
2.7191,-7.3232,-6.4276
-1.8998,9.6602,5.9269
-4.4099,9.9268,5.5828
-3.1976,8.3581,4.6006
-2.1202,8.8581,4.7563
-2.2703,8.294,4.7236
0.7755,-7.3404,-6.5799
-4.503,8.935,3.1867
-0.3215,-6.962,-8.5221
-2.7215,8.0563,2.9847
-1.0259,10.3239,5.3708
-1.5985,9.3517,4.7649
0.4831,-6.4786,-7.0664
-1.4703,7.5739,4.2385
-4.1914,9.7185,7.2684
2.0329,-6.8712,-7.6725
-2.74,9.3761,4.5982
-2.2086,9.43,3.8238
-3.9779,9.0552,3.7159
-3.9758,9.8699,4.3515
0.0453,-4.7801,-5.2224
0.1675,-5.9676,-6.7812
-2.8325,9.8753,6.4427
-1.2454,8.9668,5.4577
-0.69,-7.1554,-7.9018
0.8072,-8.5352,-7.6322
-2.0356,7.5792,5.1734
-3.2285,6.4656,4.009
1.7198,-8.0642,-7.0376
4.1035,-8.312,-5.7771
-2.6376,7.772,3.9755
4.2999,-8.08,-7.6934
-2.5639,9.3063,4.3504
2.3609,-7.1825,-7.2303
-2.0064,8.1683,4.573
3.7462,-8.2497,-7.1125
0.3901,-7.1232,-7.8402
-3.0034,8.4292,4.1208
-3.373,8.4615,5.9084
-1.7427,7.6427,6.6
1.4641,-7.5634,-6.4847
2.755,-8.2448,-7.1219
0.6983,-6.3657,-7.1047
-3.9823,9.7312,5.4813
3.2763,-7.5228,-5.9104
2.5232,-9.3841,-7.5817
1.9587,-8.3825,-6.4438
0.9399,-5.1956,-6.0426
1.03,-8.5369,-6.5155
-1.782,7.4778,6.7456
0.6394,-6.5838,-6.2822
0.4225,-6.052,-7.4837
-3.1861,7.4779,5.6868
-2.2307,7.2766,2.9509
2.4328,-6.7101,-9.4368
-1.8004,10.3447,5.6245
-2.7448,8.9284,4.5952
2.3812,-6.1949,-5.7183
3.0187,-8.4948,-6.7285
-0.0363,11.1207,4.3411
-2.0232,7.5012,5.7413
-0.0757,-8.2195,-5.3971
-2.5844,10.1605,3.457
3.0716,-7.5391,-7.0202
-4.8517,8.8321,5.3459
-1.5229,9.1187,4.2811
-3.3863,8.9745,6.7933
2.2129,-6.5628,-5.3533
1.1117,-7.1563,-5.4644
1.5327,-7.8727,-6.7767
-2.8755,8.2829,4.4155
-1.1367,9.4205,4.1415
-3.4882,8.9218,5.0493
2.7121,-5.435,-7.0474
1.6532,-7.3947,-6.1738
-1.7584,7.9857,3.3548
-1.8491,7.8523,4.7663
-3.3489,9.2711,4.5051
-1.5982,8.3225,1.5306
-3.2361,9.9048,4.999
2.0954,-5.0208,-8.367
-2.1178,7.5129,5.7487
0.5953,-5.8971,-5.0346
-2.5522,10.8919,1.4962
1.3152,-5.8796,-8.2059
1.1887,-7.5944,-5.2308
3.6678,-6.9752,-6.3373
4.368,-3.1477,-6.152
1.9566,-7.7073,-7.4719
-2.1887,10.0818,4.7386
2.1938,-4.719,-5.3934
-2.7747,8.6821,5.0088
-1.3137,8.4218,2.772
-3.6837,8.4811,5.0926
2.0807,-7.1164,-7.0616
1.3885,-7.6905,-6.8391
3.2201,-6.9705,-6.0755
2.615,-5.4049,-7.6449
2.4373,-5.5705,-4.4654
1.5028,-5.6077,-6.1397
-1.932,9.2829,3.6913
-1.1897,-6.8756,-6.4867
-4.6751,7.0612,4.6976
2.4197,-6.4126,-6.9439
0.6918,-5.7393,-4.8274
4.6507,-6.114,-6.2791
1.796,-7.4389,-8.7938
-0.9615,9.8221,4.4737
0.0973,-5.8199,-6.9735
-2.7164,10.0747,5.4227
1.4329,-6.879,-6.1587
-1.2306,8.3935,6.3311
3.3359,-8.2072,-7.8695
0.1567,-9.0434,-8.7811
2.5328,-5.6948,-6.9713
-3.0903,10.5346,3.7907
2.6687,-6.4887,-6.6468
-1.5004,8.2311,4.1045
1.5286,-8.5663,-6.8614
-4.1624,7.8889,5.2579
2.4915,-5.9191,-5.975
1.9734,-6.8908,-7.2736
1.4091,-6.5606,-7.4042
-3.9116,10.3857,5.5422
1.9475,-7.7763,-9.7892
-0.4097,7.5217,3.8084
0.3519,-8.4666,-6.3019
-3.0341,9.8811,4.1925
-3.1285,9.1296,4.0851
-2.9716,9.1505,5.4344
-3.7785,10.0013,3.1749
4.253,-7.0388,-8.0495
-2.7097,9.3534,4.3414
1.9415,-6.5434,-7.8516
-3.2599,9.4893,5.2327
-0.5352,8.7154,5.3317
-1.6008,7.9077,5.6834
-2.0969,6.8986,5.0288
1.6977,-8.847,-7.3511
-1.3311,8.6245,1.6406
-1.2025,9.0914,3.3466
-0.7651,10.9098,4.0124
-1.1189,8.0295,5.7959
1.3266,-8.0899,-9.2353
-2.8207,7.2105,4.345
1.6558,-9.2843,-6.1176
1.7621,-6.7318,-6.2183
2.3624,-8.2945,-5.4549
1.7288,-7.9332,-7.8724
-1.6688,8.3235,4.7863
3.2454,-3.568,-6.4092
-3.2914,9.0712,3.6074
-1.886,10.8536,4.5094
-1.5064,7.6586,5.2756
1.761,-8.738,-7.4695
1.6625,-6.1756,-7.45
-1.3139,8.1061,2.9337
1.071,-7.3913,-5.502
1.7861,-7.5376,-6.6881
0.1696,-6.5751,-6.3189
-2.8037,8.1098,3.5725
-1.9766,9.9438,3.5276
2.3562,-5.2711,-9.1303
3.0416,-6.1894,-6.2793
-3.5983,8.3222,5.5463
-1.7618,7.7331,4.469
-3.4202,9.1948,5.05
-2.296,7.4119,5.0961
-3.9784,8.7635,3.6193
2.3345,-6.659,-3.6485
-1.1573,8.6916,3.312
-0.0171,9.4726,5.1559
-2.2787,8.6433,4.8001
2.299,-6.2179,-6.4714
-3.0824,9.5891,5.0403
1.063,-7.1561,-7.9892
-1.7379,10.6093,4.8757
-1.8927,9.6323,9.2632
-3.8335,9.2302,6.3103
0.2349,-7.2392,-6.9404
-2.5508,9.2953,6.5005
1.5969,-5.7735,-6.3009
-0.8506,9.7927,4.4393
-2.4752,9.05,5.7658
-0.0187,10.0596,4.2487
1.2429,-7.5144,-8.148
3.1691,-7.4394,-6.1115
2.2894,-6.5266,-7.1614
1.6282,-6.5348,-6.9347
2.9147,-6.9027,-7.1956
3.2573,-6.9115,-7.9384
-1.6075,7.011,5.2919
1.3663,-8.1503,-5.1021
0.7958,-7.4369,-6.3256
1.4888,-8.0258,-6.3718
3.1434,-6.2783,-6.6526
-2.4412,9.6499,4.5553
1.4265,-7.9467,-5.7337
1.9653,-6.1611,-6.0781
3.9667,-7.4281,-7.6028
-2.5399,10.4216,5.2922
-3.1458,8.3233,4.3098
2.7286,-7.8448,-5.8057
3.9079,-5.3017,-4.9122
-2.9424,10.4055,3.3426
-2.9205,8.0516,4.4463
2.4156,-6.4071,-9.1933
1.7557,-7.6589,-5.2945
-3.353,8.9723,6.7648
-2.172,8.267,4.3901
-0.976,8.3044,5.2964
2.6872,-7.5485,-7.3757
-0.4551,7.368,2.7036
-3.9467,11.372,4.6822
3.68,-4.7929,-5.7055
1.9328,-6.3339,-7.4998
-1.7275,8.636,5.5506
1.7533,-6.2382,-5.8149
0.6169,-3.9856,-5.0604
-2.9471,8.0072,3.3861
-1.763,7.13,3.7673
1.6385,-5.8654,-6.9388
-3.2616,11.1892,5.4892
-1.9144,9.1948,5.0778
1.5894,-6.6975,-7.8823
-2.8803,9.4118,5.8105
2.9331,-8.8192,-8.1445
-1.1994,10.5096,2.1518
-2.7191,8.1074,5.2837
1.4802,-8.2065,-7.138
-1.8363,10.3139,5.9044
-2.1732,7.6637,7.5748
-2.2399,10.2708,6.6606
-2.1357,12.7089,5.9834
2.823,-6.5998,-5.7363
3.1739,-7.6844,-5.2092
3.1316,-5.3963,-6.7737
1.4847,-6.056,-6.753
-3.5874,9.0481,4.6289
0.0554,-6.325,-4.4509
-2.2591,6.5642,4.3433
-2.1539,9.3276,4.646
-0.2992,-6.6237,-6.8787
2.0536,-6.2605,-8.7552
-3.8528,7.4607,6.0329
-1.0592,10.2432,5.3509
2.465,-7.1691,-6.073
2.6957,-6.7932,-7.1348
-2.7907,7.3158,4.1351
1.1423,-8.5672,-6.9798
2.1834,-3.2973,-6.4391
4.4482,-8.1607,-6.851
3.0823,-8.0963,-6.7773
-1.0831,12.0466,4.0028
2.3857,-6.938,-6.8408
-2.4837,9.3849,6.6825
4.4806,-8.8088,-6.6584
0.1526,-5.9789,-7.3795
-2.9707,10.2218,3.9476
1.8493,-8.8515,-7.0911
2.156,-7.8665,-5.5349
-1.2821,11.942,6.301
-1.5752,8.3529,3.658
-1.0238,7.101,3.9206
0.5405,-6.7081,-4.8011
3.4133,-7.4699,-9.132
-2.6253,8.3604,5.1188
-0.6141,9.9352,4.0765
0.6869,-8.7441,-5.8986
-2.0565,10.8929,4.561
1.6803,-6.9268,-7.0415
1.6186,-6.0433,-7.2807
1.9381,-5.5284,-6.9418
-3.3276,7.8123,4.3026
-2.1846,8.954,4.3531
-3.0215,7.7998,2.6541
1.4415,-7.455,-6.5242
0.8453,-5.8843,-7.1127
1.9218,-6.81,-5.862
2.2937,-6.2692,-8.7775
-2.8123,7.5169,6.5988
-1.6584,8.9066,6.368
-1.9421,9.3215,5.8191
1.0179,-5.5884,-6.8545
2.5401,-5.0987,-6.4534
3.9119,-8.3608,-7.5911
6.6847,-9.3806,-4.8105
1.6384,-7.2153,-5.9317
2.2061,-7.5171,-6.2995
1.5884,-4.7254,-6.604
-3.4602,8.8766,5.2459
1.4364,-5.3424,-6.7987
4.8852,-6.3601,-8.5333
-2.3288,8.578,4.5715
-2.1374,9.7748,5.1364
0.2495,8.5789,4.1053
-2.3585,8.8066,4.6586
-4.3281,10.8713,6.7949
-2.2001,8.925,2.3374
2.0738,-5.1871,-6.3884
0.1358,-6.2625,-6.1936
2.1753,-5.2985,-8.088
-1.1307,6.9266,4.2049
-3.1435,9.7179,6.1258
2.6717,-7.1514,-8.0314
-2.7653,10.8032,4.8183
1.224,-7.1011,-7.6058
2.7537,-8.6833,-5.6178
-5.0075,11.05,4.8931
-2.1147,8.3786,5.2558
-2.5686,9.8241,3.2926
-2.7863,9.8497,6.8586
2.6287,-6.8719,-7.4038
1.812,-5.1723,-5.7687
1.0632,-8.2364,-6.1329
-3.3713,10.0882,4.2859
-3.1625,9.1474,3.2587
-3.0449,9.2472,5.9282
1.5265,-5.5731,-4.6186
-1.8652,10.4371,5.5026
-4.5407,8.8963,3.4536
2.1594,-5.8895,-7.9207
-2.5132,8.8101,4.096
-2.8556,9.4015,3.6472
1.3419,-9.4636,-5.5635
-0.7797,7.2913,6.0357
2.895,-6.6212,-6.2702
-2.8022,10.1712,6.0672
1.2887,-9.0644,-6.556
0.4861,-6.8077,-6.5473
-3.1754,11.2717,2.9023
0.461,-7.6193,-7.3303
-2.532,7.8113,4.6177
-0.2703,9.5829,3.2103
-1.3433,9.7887,6.2822
3.5282,-7.7422,-5.9861
-3.0229,10.8152,5.6601
-1.503,9.1125,4.5212
1.1714,-4.6317,-5.5841
-4.7766,8.4715,1.7312
1.7566,-3.0479,-6.5216
-2.9276,8.5952,4.2539
3.3104,-6.0212,-6.0183
1.5975,-6.8805,-8.3806
4.4015,-6.8715,-7.1082
0.0166,-5.4324,-5.9472
-3.0411,7.9525,4.4323
-1.4564,8.7491,4.6721
-2.7311,8.387,5.8987
4.1722,-5.9026,-6.3016
3.5829,-7.7706,-7.4625
-3.1613,8.1589,4.7676
-2.738,9.2752,5.684
2.6609,-9.0227,-7.3117
3.2122,-5.5276,-8.1893
0.1532,-5.1073,-8.2814
-2.2876,7.3977,3.4739
-2.1404,9.9897,5.3954
3.156,-5.4548,-3.7726
-2.2586,6.6627,3.0461
-0.496,8.35,5.3227
-3.1134,7.1535,4.7222
-2.7744,9.7513,5.5489
-3.0306,8.6433,4.9064
-0.5974,8.4008,3.4524
-3.0837,10.5212,3.5664
1.8478,-7.0822,-6.796
0.6171,-7.4196,-5.3715
-3.9133,6.8519,5.2896
3.0244,-5.1124,-7.6049
-2.1104,8.1161,6.5013
-0.5551,8.5593,4.3956
0.0635,9.775,2.2097
-2.0668,8.5423,4.6744
0.6504,-6.062,-6.3898
2.2378,-5.4181,-7.4959
-3.3713,8.7581,5.013
-1.6173,9.2193,4.4191
-3.0599,10.3087,4.5937
0.9037,-9.4618,-7.7431
-0.8824,9.5104,6.892
-1.5214,9.1023,3.0919
2.5332,-5.0544,-8.0188
-3.7365,8.7054,2.6376
-1.4096,9.4301,5.8375
1.2153,-6.5758,-5.8957
-1.0732,8.2825,4.4791
-1.7213,7.8447,5.5844
-2.5806,5.1248,3.4106
0.3985,-6.1331,-5.2854
1.0917,-7.8519,-6.6394
-4.4208,9.5429,4.6163
2.4842,-6.8566,-7.6499
1.6035,-5.944,-5.3077
3.0033,-7.1612,-6.8342
-2.7518,8.7531,5.9584
-3.0134,8.6761,3.0265
-2.0193,6.9712,5.8749
-1.7765,9.686,5.9368
-3.29,8.4297,3.929
1.7374,-7.1267,-7.776
-3.6116,7.8093,3.7185
2.2333,-8.1964,-7.5867
3.606,-8.4502,-10.5035
-2.3541,9.1456,5.5108
1.8201,-5.0662,-8.6215
1.8969,-5.3947,-7.4289
1.7446,-6.4908,-8.2573
-3.7189,6.7693,4.2181
-4.565,10.6389,4.5024
-3.2851,7.7164,6.6644
-0.3162,-7.9121,-7.3764
-3.1857,8.0276,4.9323
-2.3927,10.1767,3.7974
3.4409,-7.1903,-6.4571
1.0094,-5.0884,-7.2055
2.5602,-6.118,-5.5485
2.8088,-5.7333,-6.774
1.6134,-4.5947,-4.929
2.1091,-8.6056,-5.777
-1.4735,-6.9126,-4.7534
-3.4998,8.6286,5.1354
-2.4968,7.4401,3.3617
-0.765,8.6967,7.9041
-3.276,7.4266,6.6103
1.6038,-7.8859,-7.9441
-3.1647,9.4845,2.8652
-0.9406,7.0853,4.8614
-3.9446,9.9893,6.2674
2.5861,-5.6429,-7.6695
1.4148,-7.0068,-3.7069
-2.5381,9.252,4.4666
1.0572,-6.8341,-6.0601
-3.2072,7.7966,3.8607
2.5705,-6.0805,-6.3742
-0.6204,7.5434,2.8826
3.0559,-7.9689,-5.057
1.198,-7.8387,-7.4594
-1.0632,-7.2228,-5.559
-3.3676,9.8298,3.7634
3.341,-5.2991,-7.0218
-2.0301,9.7909,4.0601
-1.8996,7.6902,2.0564
2.3738,-5.162,-5.582
-0.1881,-7.5308,-7.8255
-1.888,8.1434,4.864
2.6986,-5.8208,-7.4226
3.8251,-7.4662,-8.2237
-3.1782,7.3705,4.5339
2.5895,-7.5189,-8.284
-1.9986,7.8539,4.5826
1.1834,-7.2441,-8.4952
2.0643,-5.9884,-6.3014
0.6261,-7.9806,-5.6589
1.657,-6.0647,-7.2426
-3.3218,10.1844,4.4634
1.1071,-6.6674,-7.5361
-1.5303,10.0469,3.9402
2.8078,-5.8607,-7.2329
2.9986,-8.1899,-5.8118
2.2603,-4.3907,-7.9834
-3.784,9.5826,3.5366
0.3374,-6.652,-7.6745
-1.2484,10.3409,6.0643
-2.5239,7.9376,4.7308
1.2181,-5.0392,-7.5231
-5.1478,9.5423,4.0374
1.9187,-6.8492,-9.1837
2.8597,-6.1412,-8.0026
1.6172,-6.59,-8.2613
-4.6197,7.5944,2.1928
1.6313,-7.187,-7.1699
-4.11,8.2926,5.0236
1.2105,-4.793,-7.2656
-2.484,9.8326,4.2676
0.3668,-6.0481,-7.6071
3.9669,-6.8546,-6.6033
-0.7678,10.1654,7.2237
-4.0654,9.4939,3.8583
2.2867,-7.3228,-6.708
-0.2931,9.715,4.2087
1.5334,-8.9243,-7.9895
4.3579,-5.786,-6.7532
2.3337,-6.133,-8.2467
1.6626,-4.9613,-6.207
-1.9254,9.0917,2.2693
-1.9367,9.1065,3.1003
-1.9434,11.2727,6.2544
3.4896,-7.8952,-6.2279
-3.614,9.2175,2.9434
-2.541,9.0866,7.5958
0.488,-5.8366,-5.8154
0.975,-6.9602,-7.739
-1.8221,10.6935,5.7494
1.3986,-7.915,-6.0479
3.8493,-7.8617,-5.0413
-2.0503,9.214,5.2308
2.7168,-7.6421,-8.3077
0.0615,11.0873,5.1635
-5.2715,7.1961,6.2801
1.9304,-8.8178,-5.4824
2.4877,-6.0479,-6.6684
2.4249,-7.9621,-7.9237
1.5032,-6.5567,-7.2919
-2.2855,8.2201,5.6628
3.3017,-7.0241,-9.4873
0.9827,-3.3407,-5.3865
-2.6856,10.1709,7.2925
-1.2061,9.5839,4.6098
2.482,-7.4482,-6.8975
1.1718,-6.529,-7.1049
-1.56,7.923,6.3232
0.7441,-4.6547,-5.4149
1.3383,-5.9265,-8.3853
2.529,-6.6429,-6.5065
-1.6857,7.079,4.0736
2.4773,-6.1514,-4.4123
0.74,-5.3608,-7.9195
-4.2261,9.168,3.8226
1.5432,-7.6567,-5.9871
-2.265,8.1067,2.9332
-1.4512,9.0047,6.4158
-2.2721,11.5046,3.8129
-0.5731,-7.609,-5.3237
0.653,-6.3522,-5.9454
0.9174,-4.4952,-7.5173
-0.7076,8.6271,4.3389
-2.0359,8.5091,4.9876
1.8083,-6.4111,-7.004
2.5753,-5.5387,-5.1419
-4.0447,8.2645,4.6712
-2.6427,7.9296,3.7572
-2.2099,10.9072,4.5255
1.9457,-8.0788,-7.4858
-3.8848,9.3774,3.7347
-1.2729,9.3008,4.329
2.8501,-6.8625,-8.0248
-2.9137,8.2782,4.2769
0.2121,-6.6819,-6.819
1.3137,-5.8481,-7.3447
2.1112,-7.0718,-6.0745
0.2405,-9.635,-7.5408
3.2761,-6.762,-6.5104
-3.234,9.1182,4.4531
2.8433,-6.2602,-7.6499
3.1365,-6.367,-7.6556
1.5778,-6.0014,-6.478
4.6357,-7.0705,-6.5254
-0.4368,8.5347,4.9095
0.6685,-8.1826,-6.0649
5.1181,-8.214,-5.1231
-1.9005,10.2943,6.043
3.3809,-6.4361,-7.0089
2.7162,-4.4106,-6.8552
-1.5592,9.7632,5.3939
-0.047,-7.8467,-5.7223
0.2399,7.3468,2.6654
1.7997,-7.8305,-7.2497
3.7055,-8.3874,-5.9043
2.4576,-6.9087,-7.9646
-3.3209,11.1754,4.5917
-4.4009,10.7861,6.296
3.3767,-7.1549,-6.9323
2.2411,-6.9455,-6.5374
-3.741,9.1738,3.7997
0.5865,8.0499,6.6068
1.571,-6.4688,-5.0151
1.2954,-5.654,-4.374
-2.4636,9.1583,5.3761
-3.5873,9.6046,3.0556
-4.2254,8.4862,4.7968
-3.7164,7.5573,6.0296
2.5224,-10.1766,-7.4798
3.4415,-5.5639,-7.6309
0.0867,8.645,4.9029
-2.9713,8.202,5.3739
-2.4203,10.9686,2.9838
1.7639,-6.6093,-7.3235
2.1794,-6.2157,-8.2908
-0.3114,10.4296,4.0769
-2.3704,10.4294,4.7209
2.2119,-6.3555,-6.395
0.8049,-6.308,-6.2735
-1.8167,8.7706,5.0853
1.7775,-7.7735,-7.6903
-1.8818,8.3258,4.6107
1.3417,-5.2136,-7.3421
-2.4871,11.026,5.0322
1.1395,-7.3708,-7.509
1.7395,-6.9567,-6.77
2.3929,-8.0845,-6.9947
4.0131,-5.5938,-6.6513
-0.5804,9.6035,5.5217
0.6161,-6.3113,-7.9918
-4.0746,9.8179,5.0798
3.3674,-7.9925,-6.5941
-2.3648,9.6316,5.4938
2.1756,-6.3493,-8.1886
-1.1016,-7.1089,-3.985
-0.1545,-5.3653,-7.967
2.0255,-4.8456,-7.6273
-0.9751,9.2436,4.6956
-3.7072,10.1955,4.3831
1.6779,-7.8915,-4.275
1.2282,-7.0814,-7.4466
1.7014,-6.4388,-5.7838
3.4502,-4.8576,-6.2047
-0.1583,-6.9763,-7.8798
0.4783,-6.8137,-7.7316
-3.2312,11.237,4.6237
-3.6371,8.3976,3.3688
-3.6364,8.8414,3.1882
2.8522,-6.5332,-8.866
2.6745,-4.5079,-8.7572
2.2759,-7.0191,-6.6225
3.1744,-10.1235,-6.0667
1.5494,-6.4734,-7.2346
-1.1794,7.7664,5.3752
2.2605,-6.28,-6.3137
-2.8152,10.8191,1.4587
-3.4524,7.4168,2.4364
2.0754,-10.469,-7.1044
-2.0243,11.2777,4.8494
-2.4408,9.3366,6.474
-1.533,7.5372,4.9128
3.2016,-6.5805,-5.626
2.6398,-7.9821,-7.3809
-3.4426,7.6816,6.7426
1.2623,-6.7314,-4.5351
0.4137,-5.8839,-5.9064
3.008,-5.7359,-6.2644
-3.1719,9.7738,4.8834
-3.7347,9.8643,4.9324
-3.4794,8.4122,5.7384
-3.5599,7.3549,5.7513
-2.0468,7.9537,4.8243
-2.5956,10.2185,5.0738
1.6191,-5.7086,-5.778
-0.9471,10.8881,4.6783
-1.5279,10.6825,5.3093
3.9138,-6.7544,-7.9587
-2.959,9.8674,5.173
-1.5128,7.987,4.7258
-3.0965,10.2673,5.4581
2.0254,-6.2099,-9.9156
-3.43,10.0611,4.8599
-0.7793,6.0483,3.6836
-3.4366,8.7301,4.0574
-1.8572,9.0729,4.6886
1.4834,-8.0746,-6.0987
1.3147,-6.7682,-6.6883
-0.391,-5.8085,-8.3335
1.873,-8.6192,-7.9863
1.8416,-6.9857,-7.3241
2.3526,-6.3165,-8.7228
-2.4969,7.8365,5.1944
3.034,-5.9954,-7.2177
4.2384,-6.2118,-8.4827
-1.0687,8.226,3.3836
0.5629,8.899,6.019
-2.2523,7.5194,4.8477
-1.272,10.1318,3.6328
2.9819,-6.2235,-7.1668
-0.5469,-6.129,-5.8178
-2.273,9.9004,4.8455
0.4178,-7.427,-6.6624
2.0223,-8.0823,-5.9911
-2.1833,7.4822,3.3426
1.3308,-6.4495,-7.7573
1.239,-6.9241,-7.3953
-3.2741,10.4411,6.3445
-4.8688,11.4817,3.316
4.3232,-8.3551,-6.2841
-2.4376,8.238,5.4777
3.3237,-8.3069,-4.9089
2.839,-7.1567,-5.1362
-2.3331,10.4621,3.6596
-2.1744,9.7438,4.8638
2.8827,-6.057,-4.6618
-1.4063,8.666,4.9607
1.3885,-7.3019,-7.8041
-2.6061,9.1086,2.242
-4.5024,9.5298,4.8891
-1.5553,-6.0925,-6.6464
2.8813,-6.1447,-8.1001
-2.2203,12.1363,5.3185
2.442,-8.4714,-5.6233
1.3682,-6.9775,-6.4629
-2.4871,9.4314,3.9922
-0.352,9.7833,3.9545
-2.0139,10.0008,6.916
-2.2403,9.0294,4.7571
-2.8062,8.925,5.3847
1.554,-6.9029,-7.2439
3.8486,-7.2084,-7.1722
1.0001,-8.3887,-7.1609
1.113,-9.1195,-6.9793
2.2882,-6.6473,-5.859
-2.8365,5.778,4.5747
0.8211,-7.0269,-6.7681
2.229,-7.782,-7.263
2.3254,-8.5075,-6.3204
-1.6957,8.4288,7.2286
-3.504,8.3421,5.5366
1.8938,-4.36,-7.1765
-4.0937,9.6406,4.9963
-0.7388,10.0435,4.448
4.3283,-6.8752,-5.6664
-2.037,10.0885,5.4021
0.35,-8.7065,-5.5449
-0.402,-5.9821,-8.1674
-2.5862,9.4088,5.0255
2.0654,-7.1495,-7.6601
-3.7933,7.1837,3.8096
2.4407,-7.9216,-6.2386
0.8309,-6.7867,-6.5708
1.5919,-5.3417,-6.2109
2.8637,-6.7891,-8.8025
-2.3991,6.6292,4.3763
-4.34,10.5294,3.9776
-3.7733,8.2658,6.9367
-3.4157,8.2805,2.9519
0.8991,-6.163,-8.0181
-2.1622,11.9606,3.8746
-2.9024,8.5438,2.8837
-0.6811,-5.0395,-8.5889
-3.1842,9.7732,5.8069
-2.1973,9.9525,3.1555
-1.8241,10.377,5.7847
-2.1975,7.9291,5.4062
-0.6735,-5.8031,-5.3503
0.0374,10.2532,2.8166
3.761,-8.8007,-7.8743
1.5414,-8.4709,-7.3763
-3.3544,7.3241,2.7719
-1.9172,9.2361,3.6098
-2.2152,8.406,4.0746
3.0579,-9.7151,-8.0918
-1.3864,10.5402,5.5059
-2.2733,10.2525,2.8572
4.2546,-6.9524,-7.7302
-2.2494,9.069,3.858
-2.0867,7.5124,6.3724
-1.4072,7.1297,3.4523
2.8925,-5.4073,-7.0003
2.0756,-7.8495,-7.8766
2.8118,-6.3745,-6.2897
-0.0978,-7.6927,-5.4472
-1.9043,8.378,3.6884
-1.7499,11.7391,4.8581
0.8292,-6.7324,-4.9305
-3.1303,9.2828,4.6202
-2.6994,8.9815,3.52
1.0922,-6.7812,-6.3314
1.5442,-7.0961,-5.2327
-1.509,6.6218,5.0887
2.6507,-8.1032,-6.9084
-2.2892,8.9959,5.335
2.3927,-8.7574,-6.7657
-3.1008,8.307,5.6594
-3.3516,8.2188,2.9568
1.8154,-5.8884,-7.4042
-0.5896,-3.1143,-5.6128
-1.795,8.0324,7.1507
-1.3697,7.2324,1.5752
-2.0029,10.9507,5.1841
3.648,-7.5542,-7.1312
0.463,-7.14,-7.2503
-4.0633,8.6113,6.6427
-0.7139,9.7995,4.5732
3.6767,-7.6001,-9.12
-0.7438,8.7631,3.837
3.6663,-6.9979,-6.8575
-2.3391,11.7975,5.1119
4.1443,-7.1413,-7.8973
3.4694,-6.954,-5.7384
1.6731,-6.5332,-6.5677
-2.1078,9.8045,7.0521
1.9359,-7.9712,-8.0039
-0.606,7.5289,7.1995
-3.1839,7.7989,5.017
-0.1251,-5.3144,-8.8751
-1.3901,7.3122,2.5269
2.5104,-8.7647,-8.2322
-2.1964,8.3539,3.8339
-2.3657,7.8466,6.0758
3.3999,-6.0297,-6.4584
-3.3043,9.699,3.724
-3.5256,7.8246,2.0558
3.1027,-8.1187,-6.4026
2.3177,-7.6146,-6.4463
1.4506,-6.2639,-7.1916
-3.82,8.6346,6.0956
2.8369,-8.4316,-8.0278
-1.2641,8.4023,4.316
3.1102,-7.8071,-6.3916
-1.7701,9.726,4.2684
-1.2613,8.2875,6.8311
0.7684,-6.6309,-6.7969
-1.729,8.8953,6.8558
0.1186,8.0443,3.6322
-1.5187,9.9905,6.2065
0.3749,8.9451,4.8812
1.8271,-5.0635,-6.1231
1.1883,-9.0764,-6.2667
1.8873,-8.7011,-7.3085
3.9116,-7.2664,-5.4195
-3.2058,9.7206,6.6438
-3.4377,7.5207,2.5054
-2.6627,7.8676,2.7121
-1.9081,7.8412,4.7591
2.7935,-8.5188,-5.4258
2.2855,-8.0361,-8.0287
-3.8588,7.1733,6.1731
0.5946,-6.0801,-6.325
2.9799,-7.6203,-7.5501
-3.2445,8.549,4.9829
-2.2113,8.4631,3.6201
-2.5544,10.3382,4.777
-0.7231,-7.6077,-6.6266
-3.1941,8.0155,5.2056
3.1694,-6.5429,-4.7698
3.8669,-5.6971,-5.8371
0.2869,-6.9425,-4.8352
-2.7721,10.0096,1.9865
2.5586,-4.7144,-7.1092
3.3413,-4.983,-8.0982
-1.0677,8.5246,2.1941
1.8985,-5.5304,-7.281
2.6299,-6.221,-7.1861
1.1935,-8.3235,-8.1306
-0.0931,9.1781,4.2015
1.1907,-8.1872,-7.8218
-1.8462,9.283,6.2768
-0.2578,10.1548,3.9476
4.0364,-4.4886,-7.8001
-3.6671,9.8375,5.91
-1.8625,7.7696,4.4115
1.6472,-4.8715,-5.2716
-3.0704,9.4301,4.5836
-2.4393,7.6427,5.0692
-2.2305,9.366,3.7827
-1.636,9.0766,5.519
-2.5135,7.6242,6.444
-4.5533,8.9476,5.1008
-3.8247,7.2862,6.5533
-2.6078,10.355,5.0511
3.7202,-6.0342,-5.9332
-0.6493,8.0744,4.2534
-2.1232,8.2126,5.8303
-3.4368,9.0437,5.2375
-0.7127,-9.4245,-7.6083
1.7234,-7.0339,-9.1383
3.8608,-7.4386,-7.0611
2.4368,-7.125,-4.7735
1.8991,-6.3043,-5.8307
-0.426,9.2518,3.8582
-1.8392,9.1055,5.2864
3.0374,-7.3845,-10.0052
-2.6543,9.5177,3.5749
2.4139,-4.6738,-7.1483
-3.0842,8.7915,3.3123
-2.3589,8.499,4.7866
2.529,-8.5202,-5.8623
1.533,-7.3497,-7.987
-1.2974,8.1885,7.3428
2.573,-8.5588,-6.4389
-2.648,8.653,2.8657
-3.4133,9.5663,3.8266
1.7625,-6.0772,-6.7624
-3.6171,7.3923,3.4688
4.07,-5.761,-7.164
-1.8325,9.728,5.664
-2.5484,6.5334,4.5329
3.4042,-9.0139,-6.4965
-1.388,7.374,4.3702
2.3715,-6.651,-6.0288
2.6833,-7.3045,-7.5684
-2.5843,8.1095,4.3031
1.0996,-7.0991,-5.2303
-3.5988,7.3195,6.3987
1.0327,-7.7083,-7.9795
-2.0807,10.7878,4.018
0.8611,-6.9174,-7.8982
0.5788,9.0853,4.6566
-2.7315,8.8585,4.6925
2.7916,-5.0949,-7.5762
2.9901,-7.522,-6.9887
2.4993,-6.8561,-6.0727
-2.7801,9.0953,2.9302
-1.9302,8.7461,5.4967
2.2248,-7.4696,-5.9116
-0.5106,10.2315,2.4308
-2.2287,7.1472,5.0369
3.4561,-8.1649,-6.0639
-2.7334,8.4866,6.3763
3.0414,-5.6373,-9.0955
2.1422,-9.0018,-6.4923
1.722,-5.5921,-4.0435
1.7393,-5.5191,-6.1678
-2.975,9.2188,4.8326
-2.4109,11.7919,2.3992
-2.1398,6.9621,3.0221
3.3515,-8.0986,-6.8061
-5.9847,11.5203,4.4724
-2.4164,7.9807,6.4676
2.7757,-8.1897,-7.3446
-2.0429,12.0059,4.6326
2.2067,-7.7706,-8.4641
0.5606,8.3372,4.8613
0.07,-9.1355,-4.635
-0.2179,7.336,5.3154
1.9507,-7.3458,-5.5312
2.5985,-6.1054,-6.2134
3.0472,-7.4593,-6.704
0.6866,-10.3852,-6.3562
-0.1583,-6.3892,-8.1154
2.2916,-7.5789,-9.8067
2.697,-7.5326,-7.0755
-2.0584,8.2935,4.2898
-2.6601,9.0812,5.9529
0.6007,-6.7494,-6.92
1.3624,-6.9103,-9.003
-3.2833,9.448,6.4855
-4.5402,10.8497,4.4503
-1.2497,8.372,6.2208
-3.5116,11.5885,3.2148
-2.6922,9.864,5.7879
0.5083,-7.4894,-7.0574
-2.4916,8.0724,5.4178
-2.2265,9.9393,2.8656
2.9132,-7.1815,-7.5971
1.5756,-7.6143,-8.1823
